AL, 11, 2017090718,   , VR+5,   0, 207N,  704W, 150,  922,   ,  34, NEQ,  160,  120,   80,  150, 1013,     ,  15,     ,    ,    ,    ,    ,288,  13,      IRMA  ,   1,    3, 0, 0, 0, 0,     33.2,   29.7,   19.9,   33.6,     2.2798
AL, 11, 2017090718,   , VR+5,   0, 207N,  704W, 150,  922,   ,  50, NEQ,  100,   70,   50,   70, 1013,     ,  15,     ,    ,    ,    ,    ,288,  13,      IRMA  ,   1,    3, 0, 0, 0, 0,     26.8,   21.6,   15.8,   19.3,     2.2798
AL, 11, 2017090718,   , VR+5,   0, 207N,  704W, 150,  922,   ,  64, NEQ,   60,   40,   30,   50, 1013,     ,  15,     ,    ,    ,    ,    ,288,  13,      IRMA  ,   1,    3, 1, 1, 1, 1,     19.3,   14.6,   11.3,   16.8,     2.2798
AL, 11, 2017090718,   , VR+5,   6, 211N,  717W, 150,  919,   ,  34, NEQ,  160,  120,   80,  150, 1013,     ,  15,     ,    ,    ,    ,    ,288,  13,      IRMA  ,   2,    3, 0, 0, 0, 0,     31.7,   28.5,   19.0,   32.1,     2.2071
AL, 11, 2017090718,   , VR+5,   6, 211N,  717W, 150,  919,   ,  50, NEQ,  100,   70,   50,   80, 1013,     ,  15,     ,    ,    ,    ,    ,288,  13,      IRMA  ,   2,    3, 0, 0, 0, 0,     25.7,   20.8,   15.2,   21.4,     2.2071
AL, 11, 2017090718,   , VR+5,   6, 211N,  717W, 150,  919,   ,  64, NEQ,   60,   45,   30,   55, 1013,     ,  15,     ,    ,    ,    ,    ,288,  13,      IRMA  ,   2,    3, 1, 1, 1, 1,     18.7,   16.0,   11.0,   18.0,     2.2071
AL, 11, 2017090718,   , VR+5,  12, 215N,  731W, 140,  925,   ,  34, NEQ,  160,  120,   80,  150, 1013,     ,  30,     ,    ,    ,    ,    ,287,  14,      IRMA  ,   3,    3, 0, 0, 0, 0,     29.7,   27.4,   18.2,   30.3,     2.0287
AL, 11, 2017090718,   , VR+5,  12, 215N,  731W, 140,  925,   ,  50, NEQ,  100,   70,   50,   80, 1013,     ,  30,     ,    ,    ,    ,    ,287,  14,      IRMA  ,   3,    3, 0, 0, 0, 0,     24.7,   20.4,   14.9,   20.6,     2.0287
AL, 11, 2017090718,   , VR+5,  12, 215N,  731W, 140,  925,   ,  64, NEQ,   60,   45,   35,   55, 1013,     ,  30,     ,    ,    ,    ,    ,287,  14,      IRMA  ,   3,    3, 1, 1, 1, 1,     18.2,   16.0,   12.9,   17.6,     2.0287
AL, 11, 2017090718,   , VR+5,  18, 219N,  746W, 130,  927,   ,  34, NEQ,  160,  120,   80,  150, 1013,     ,  30,     ,    ,    ,    ,    ,286,  15,      IRMA  ,   4,    3, 0, 0, 0, 0,     25.4,   24.5,   16.3,   26.2,     1.7649
AL, 11, 2017090718,   , VR+5,  18, 219N,  746W, 130,  927,   ,  50, NEQ,  100,   90,   50,   80, 1013,     ,  30,     ,    ,    ,    ,    ,286,  15,      IRMA  ,   4,    3, 0, 0, 0, 0,     22.1,   25.1,   13.8,   18.5,     1.7649
AL, 11, 2017090718,   , VR+5,  18, 219N,  746W, 130,  927,   ,  64, NEQ,   60,   45,   35,   55, 1013,     ,  30,     ,    ,    ,    ,    ,286,  15,      IRMA  ,   4,    3, 1, 1, 1, 1,     16.8,   15.3,   12.4,   16.4,     1.7649
AL, 11, 2017090718,   , VR+5,  24, 223N,  759W, 135,  925,   ,  34, NEQ,  160,  120,   80,  150, 1013,     ,  30,     ,    ,    ,    ,    ,288,  13,      IRMA  ,   5,    3, 0, 0, 0, 0,     27.6,   25.5,   17.0,   28.4,     1.8884
AL, 11, 2017090718,   , VR+5,  24, 223N,  759W, 135,  925,   ,  50, NEQ,  100,   90,   50,   80, 1013,     ,  30,     ,    ,    ,    ,    ,288,  13,      IRMA  ,   5,    3, 0, 0, 0, 0,     23.4,   25.6,   14.2,   19.6,     1.8884
AL, 11, 2017090718,   , VR+5,  24, 223N,  759W, 135,  925,   ,  64, NEQ,   60,   60,   30,   60, 1013,     ,  30,     ,    ,    ,    ,    ,288,  13,      IRMA  ,   5,    3, 1, 1, 1, 1,     17.5,   21.0,   10.6,   18.7,     1.8884
AL, 11, 2017090718,   , VR+5,  30, 225N,  771W, 140,  924,   ,  34, NEQ,  160,  120,   80,  150, 1013,     ,  20,     ,    ,    ,    ,    ,280,  11,      IRMA  ,   6,    3, 0, 0, 0, 0,     30.9,   27.6,   17.8,   30.1,     2.0328
AL, 11, 2017090718,   , VR+5,  30, 225N,  771W, 140,  924,   ,  50, NEQ,  100,   90,   50,   80, 1013,     ,  20,     ,    ,    ,    ,    ,280,  11,      IRMA  ,   6,    3, 0, 0, 0, 0,     25.4,   27.0,   14.6,   20.4,     2.0328
AL, 11, 2017090718,   , VR+5,  30, 225N,  771W, 140,  924,   ,  64, NEQ,   60,   60,   30,   60, 1013,     ,  20,     ,    ,    ,    ,    ,280,  11,      IRMA  ,   6,    3, 1, 1, 1, 1,     18.6,   21.7,   10.7,   19.2,     2.0328
AL, 11, 2017090718,   , VR+5,  36, 228N,  781W, 140,  930,   ,  34, NEQ,  160,  160,  120,  170, 1013,     ,  15,     ,    ,    ,    ,    ,288,  10,      IRMA  ,   7,    3, 0, 0, 0, 0,     34.9,   42.4,   31.6,   40.5,     2.2002
AL, 11, 2017090718,   , VR+5,  36, 228N,  781W, 140,  930,   ,  50, NEQ,  100,   90,   50,   80, 1013,     ,  15,     ,    ,    ,    ,    ,288,  10,      IRMA  ,   7,    3, 0, 0, 0, 0,     28.1,   29.0,   15.9,   23.1,     2.2002
AL, 11, 2017090718,   , VR+5,  36, 228N,  781W, 140,  930,   ,  64, NEQ,   60,   60,   30,   60, 1013,     ,  15,     ,    ,    ,    ,    ,288,  10,      IRMA  ,   7,    3, 1, 1, 1, 1,     20.2,   23.0,   11.5,   21.2,     2.2002
AL, 11, 2017090718,   , VR+5,  42, 234N,  791W, 115,  941,   ,  34, NEQ,  160,  160,  120,  170, 1013,     ,  15,     ,    ,    ,    ,    ,303,  11,      IRMA  ,   8,    3, 0, 0, 0, 0,     27.0,   35.2,   27.8,   35.3,     1.6609
AL, 11, 2017090718,   , VR+5,  42, 234N,  791W, 115,  941,   ,  50, NEQ,  100,   90,   50,   80, 1013,     ,  15,     ,    ,    ,    ,    ,303,  11,      IRMA  ,   8,    3, 0, 0, 0, 0,     23.9,   26.0,   14.9,   21.2,     1.6609
AL, 11, 2017090718,   , VR+5,  42, 234N,  791W, 115,  941,   ,  64, NEQ,   60,   60,   30,   60, 1013,     ,  15,     ,    ,    ,    ,    ,303,  11,      IRMA  ,   8,    3, 1, 1, 1, 1,     18.6,   22.3,   11.7,   21.0,     1.6609
AL, 11, 2017090718,   , VR+5,  48, 239N,  799W, 110,  938,   ,  34, NEQ,  160,  160,  120,  170, 1013,     ,  15,     ,    ,    ,    ,    ,304,   9,      IRMA  ,   9,    3, 0, 0, 0, 0,     23.7,   30.6,   24.0,   31.0,     1.4746
AL, 11, 2017090718,   , VR+5,  48, 239N,  799W, 110,  938,   ,  50, NEQ,  100,   90,   50,   80, 1013,     ,  15,     ,    ,    ,    ,    ,304,   9,      IRMA  ,   9,    3, 0, 0, 0, 0,     21.8,   23.5,   13.4,   19.2,     1.4746
AL, 11, 2017090718,   , VR+5,  48, 239N,  799W, 110,  938,   ,  64, NEQ,   60,   60,   30,   60, 1013,     ,  15,     ,    ,    ,    ,    ,304,   9,      IRMA  ,   9,    3, 1, 1, 1, 1,     17.5,   20.9,   10.9,   19.8,     1.4746
AL, 11, 2017090718,   , VR+5,  54, 244N,  805W, 105,  932,   ,  34, NEQ,  170,  170,  120,  180, 1013,     ,  15,     ,    ,    ,    ,    ,312,   7,      IRMA  ,  10,    3, 0, 0, 0, 0,     20.5,   26.1,   19.3,   27.9,     1.2533
AL, 11, 2017090718,   , VR+5,  54, 244N,  805W, 105,  932,   ,  50, NEQ,  100,  100,   50,   80, 1013,     ,  15,     ,    ,    ,    ,    ,312,   7,      IRMA  ,  10,    3, 0, 0, 0, 0,     18.4,   22.3,   11.3,   16.7,     1.2533
AL, 11, 2017090718,   , VR+5,  54, 244N,  805W, 105,  932,   ,  64, NEQ,   60,   60,   30,   60, 1013,     ,  15,     ,    ,    ,    ,    ,312,   7,      IRMA  ,  10,    3, 1, 1, 1, 1,     15.5,   18.5,    9.8,   18.2,     1.2533
AL, 11, 2017090718,   , VR+5,  60, 247N,  808W, 115,  930,   ,  34, NEQ,  190,  170,  140,  190, 1013,     ,  10,     ,    ,    ,    ,    ,318,   4,      IRMA  ,  11,    3, 0, 0, 0, 0,     31.8,   30.7,   26.5,   36.1,     1.5264
AL, 11, 2017090718,   , VR+5,  60, 247N,  808W, 115,  930,   ,  50, NEQ,  110,  110,   70,  100, 1013,     ,  10,     ,    ,    ,    ,    ,318,   4,      IRMA  ,  11,    3, 0, 0, 0, 0,     25.0,   27.4,   17.6,   24.6,     1.5264
AL, 11, 2017090718,   , VR+5,  60, 247N,  808W, 115,  930,   ,  64, NEQ,   70,   50,   30,   50, 1013,     ,  10,     ,    ,    ,    ,    ,318,   4,      IRMA  ,  11,    3, 1, 1, 1, 1,     20.7,   15.4,    9.6,   15.5,     1.5264
AL, 11, 2017090718,   , VR+5,  66, 256N,  808W, 115,  931,   ,  34, NEQ,  190,  170,  140,  190, 1013,     ,  10,     ,    ,    ,    ,    ,  0,   9,      IRMA  ,  12,    3, 0, 0, 0, 0,     31.1,   26.6,   26.9,   40.6,     1.4800
AL, 11, 2017090718,   , VR+5,  66, 256N,  808W, 115,  931,   ,  50, NEQ,  110,  110,   70,  100, 1013,     ,  10,     ,    ,    ,    ,    ,  0,   9,      IRMA  ,  12,    3, 0, 0, 0, 0,     24.5,   24.5,   17.8,   27.2,     1.4800
AL, 11, 2017090718,   , VR+5,  66, 256N,  808W, 115,  931,   ,  64, NEQ,   70,   50,   30,   50, 1013,     ,  10,     ,    ,    ,    ,    ,  0,   9,      IRMA  ,  12,    3, 1, 1, 1, 1,     20.4,   14.0,    9.8,   17.1,     1.4800
AL, 11, 2017090718,   , VR+5,  72, 267N,  807W, 100,  936,   ,  34, NEQ,  190,  170,  140,  190, 1013,     ,  15,     ,    ,    ,    ,    ,  5,  11,      IRMA  ,  13,    3, 0, 0, 0, 0,     25.5,   20.6,   23.5,   37.8,     1.1518
AL, 11, 2017090718,   , VR+5,  72, 267N,  807W, 100,  936,   ,  50, NEQ,  100,  100,   70,  100, 1013,     ,  15,     ,    ,    ,    ,    ,  5,  11,      IRMA  ,  13,    3, 0, 0, 0, 0,     19.5,   18.8,   17.0,   27.4,     1.1518
AL, 11, 2017090718,   , VR+5,  72, 267N,  807W, 100,  936,   ,  64, NEQ,   70,   60,   30,   50, 1013,     ,  15,     ,    ,    ,    ,    ,  5,  11,      IRMA  ,  13,    3, 1, 1, 1, 1,     20.3,   16.4,   10.3,   18.8,     1.1518
AL, 11, 2017090718,   , VR+5,  78, 278N,  804W,  90,  942,   ,  34, NEQ,  360,  200,  150,  240, 1013,     ,  15,     ,    ,    ,    ,    , 14,  11,      IRMA  ,  14,    3, 0, 0, 0, 0,     82.4,   24.7,   25.7,   61.6,     1.0000
AL, 11, 2017090718,   , VR+5,  78, 278N,  804W,  90,  942,   ,  50, NEQ,  140,  140,   90,  120, 1013,     ,  15,     ,    ,    ,    ,    , 14,  11,      IRMA  ,  14,    3, 0, 0, 0, 0,     34.7,   30.9,   25.3,   41.9,     1.0000
AL, 11, 2017090718,   , VR+5,  78, 278N,  804W,  90,  942,   ,  64, NEQ,   70,   60,   30,   50, 1013,     ,  15,     ,    ,    ,    ,    , 14,  11,      IRMA  ,  14,    3, 1, 1, 1, 1,     24.4,   17.9,   12.1,   24.9,     1.0000
AL, 11, 2017090718,   , VR+5,  84, 293N,  805W,  75,  961,   ,  34, NEQ,  360,  230,  150,  240, 1013,     ,  20,     ,    ,    ,    ,    ,357,  15,      IRMA  ,  15,    3, 0, 0, 0, 0,    138.2,   59.0,   54.4,  130.3,     1.0000
AL, 11, 2017090718,   , VR+5,  84, 293N,  805W,  75,  961,   ,  50, NEQ,  140,  140,   90,  120, 1013,     ,  20,     ,    ,    ,    ,    ,357,  15,      IRMA  ,  15,    3, 0, 0, 0, 0,     60.0,   63.0,   73.1,   45.0,     1.0000
AL, 11, 2017090718,   , VR+5,  84, 293N,  805W,  75,  961,   ,  64, NEQ,   30,   30,   20,   50, 1013,     ,  20,     ,    ,    ,    ,    ,357,  15,      IRMA  ,  15,    3, 1, 1, 1, 1,     15.4,   15.4,    9.7,   28.9,     1.1049
AL, 11, 2017090718,   , VR+5,  90, 308N,  805W,  60,  970,   ,  34, NEQ,  360,  230,  150,  240, 1013,     ,  40,     ,    ,    ,    ,    ,  0,  15,      IRMA  ,  16,    2, 0, 0, 0, 0,     46.6,  142.7,   45.2,   72.3,     1.0000
AL, 11, 2017090718,   , VR+5,  90, 308N,  805W,  60,  970,   ,  50, NEQ,  140,  140,   90,  120, 1013,     ,  40,     ,    ,    ,    ,    ,  0,  15,      IRMA  ,  16,    2, 1, 1, 1, 1,     51.8,   51.8,   33.3,   44.4,     1.0000
AL, 11, 2017090718,   , VR+5,  96, 323N,  808W,  45,  980,   ,  34, NEQ,  360,  230,  150,  240, 1013,     ,  60,     ,    ,    ,    ,    ,350,  15,      IRMA  ,  17,    1, 1, 1, 1, 1,     99.7,   63.7,   41.6,   66.5,     1.0000
AL, 11, 2017090718,   , VR+5, 102, 335N,  813W,  40,  986,   ,  34, NEQ,  360,  300,    0,    0, 1013,     ,  60,     ,    ,    ,    ,    ,341,  13,      IRMA  ,  18,    1, 1, 1, 1, 1,    141.9,  118.3,   65.0,   65.0,     1.0000
