AL, 11, 2017090718,   , VR-3,   0, 207N,  704W, 150,  922,   ,  34, NEQ,  160,  120,   80,  150, 1013,     ,  15,     ,    ,    ,    ,    ,283,  13,      IRMA  ,   1,    3, 0, 0, 0, 0,     33.3,   30.1,   19.8,   33.0,     2.2724
AL, 11, 2017090718,   , VR-3,   0, 207N,  704W, 150,  922,   ,  50, NEQ,  100,   70,   50,   70, 1013,     ,  15,     ,    ,    ,    ,    ,283,  13,      IRMA  ,   1,    3, 0, 0, 0, 0,     26.8,   21.8,   15.7,   19.0,     2.2724
AL, 11, 2017090718,   , VR-3,   0, 207N,  704W, 150,  922,   ,  64, NEQ,   60,   40,   30,   50, 1013,     ,  15,     ,    ,    ,    ,    ,283,  13,      IRMA  ,   1,    3, 1, 1, 1, 1,     19.4,   14.7,   11.3,   16.6,     2.2724
AL, 11, 2017090718,   , VR-3,   6, 210N,  718W, 150,  919,   ,  34, NEQ,  160,  120,   80,  150, 1013,     ,  15,     ,    ,    ,    ,    ,283,  13,      IRMA  ,   2,    3, 0, 0, 0, 0,     31.7,   28.8,   18.9,   31.5,     2.1999
AL, 11, 2017090718,   , VR-3,   6, 210N,  718W, 150,  919,   ,  50, NEQ,  100,   70,   50,   80, 1013,     ,  15,     ,    ,    ,    ,    ,283,  13,      IRMA  ,   2,    3, 0, 0, 0, 0,     25.8,   21.0,   15.1,   21.1,     2.1999
AL, 11, 2017090718,   , VR-3,   6, 210N,  718W, 150,  919,   ,  64, NEQ,   60,   45,   30,   55, 1013,     ,  15,     ,    ,    ,    ,    ,283,  13,      IRMA  ,   2,    3, 1, 1, 1, 1,     18.7,   16.2,   10.9,   17.7,     2.1999
AL, 11, 2017090718,   , VR-3,  12, 214N,  732W, 140,  925,   ,  34, NEQ,  160,  120,   80,  150, 1013,     ,  30,     ,    ,    ,    ,    ,287,  14,      IRMA  ,   3,    3, 0, 0, 0, 0,     29.6,   27.4,   18.2,   30.2,     2.0286
AL, 11, 2017090718,   , VR-3,  12, 214N,  732W, 140,  925,   ,  50, NEQ,  100,   70,   50,   80, 1013,     ,  30,     ,    ,    ,    ,    ,287,  14,      IRMA  ,   3,    3, 0, 0, 0, 0,     24.7,   20.4,   14.9,   20.6,     2.0286
AL, 11, 2017090718,   , VR-3,  12, 214N,  732W, 140,  925,   ,  64, NEQ,   60,   45,   35,   55, 1013,     ,  30,     ,    ,    ,    ,    ,287,  14,      IRMA  ,   3,    3, 1, 1, 1, 1,     18.2,   16.0,   12.9,   17.6,     2.0286
AL, 11, 2017090718,   , VR-3,  18, 216N,  747W, 130,  927,   ,  34, NEQ,  160,  120,   80,  150, 1013,     ,  30,     ,    ,    ,    ,    ,278,  14,      IRMA  ,   4,    3, 0, 0, 0, 0,     26.0,   24.9,   16.0,   25.4,     1.7690
AL, 11, 2017090718,   , VR-3,  18, 216N,  747W, 130,  927,   ,  50, NEQ,  100,   90,   50,   80, 1013,     ,  30,     ,    ,    ,    ,    ,278,  14,      IRMA  ,   4,    3, 0, 0, 0, 0,     22.5,   25.5,   13.7,   18.1,     1.7690
AL, 11, 2017090718,   , VR-3,  18, 216N,  747W, 130,  927,   ,  64, NEQ,   60,   45,   35,   55, 1013,     ,  30,     ,    ,    ,    ,    ,278,  14,      IRMA  ,   4,    3, 1, 1, 1, 1,     17.1,   15.6,   12.2,   16.1,     1.7690
AL, 11, 2017090718,   , VR-3,  24, 218N,  760W, 135,  925,   ,  34, NEQ,  160,  120,   80,  150, 1013,     ,  30,     ,    ,    ,    ,    ,279,  12,      IRMA  ,   5,    3, 0, 0, 0, 0,     28.3,   26.0,   16.7,   27.5,     1.8934
AL, 11, 2017090718,   , VR-3,  24, 218N,  760W, 135,  925,   ,  50, NEQ,  100,   90,   50,   80, 1013,     ,  30,     ,    ,    ,    ,    ,279,  12,      IRMA  ,   5,    3, 0, 0, 0, 0,     23.8,   26.0,   14.0,   19.2,     1.8934
AL, 11, 2017090718,   , VR-3,  24, 218N,  760W, 135,  925,   ,  64, NEQ,   60,   60,   30,   60, 1013,     ,  30,     ,    ,    ,    ,    ,279,  12,      IRMA  ,   5,    3, 1, 1, 1, 1,     17.8,   21.3,   10.5,   18.4,     1.8934
AL, 11, 2017090718,   , VR-3,  30, 218N,  772W, 140,  924,   ,  34, NEQ,  160,  120,   80,  150, 1013,     ,  20,     ,    ,    ,    ,    ,270,  11,      IRMA  ,   6,    3, 0, 0, 0, 0,     31.5,   27.9,   17.5,   29.1,     2.0344
AL, 11, 2017090718,   , VR-3,  30, 218N,  772W, 140,  924,   ,  50, NEQ,  100,   90,   50,   80, 1013,     ,  20,     ,    ,    ,    ,    ,270,  11,      IRMA  ,   6,    3, 0, 0, 0, 0,     25.7,   27.3,   14.4,   20.0,     2.0344
AL, 11, 2017090718,   , VR-3,  30, 218N,  772W, 140,  924,   ,  64, NEQ,   60,   60,   30,   60, 1013,     ,  20,     ,    ,    ,    ,    ,270,  11,      IRMA  ,   6,    3, 1, 1, 1, 1,     18.8,   22.0,   10.6,   18.8,     2.0344
AL, 11, 2017090718,   , VR-3,  36, 219N,  783W, 140,  930,   ,  34, NEQ,  160,  160,  120,  170, 1013,     ,  15,     ,    ,    ,    ,    ,276,  10,      IRMA  ,   7,    3, 0, 0, 0, 0,     35.1,   43.0,   31.0,   38.8,     2.1928
AL, 11, 2017090718,   , VR-3,  36, 219N,  783W, 140,  930,   ,  50, NEQ,  100,   90,   50,   80, 1013,     ,  15,     ,    ,    ,    ,    ,276,  10,      IRMA  ,   7,    3, 0, 0, 0, 0,     28.2,   29.4,   15.7,   22.3,     2.1928
AL, 11, 2017090718,   , VR-3,  36, 219N,  783W, 140,  930,   ,  64, NEQ,   60,   60,   30,   60, 1013,     ,  15,     ,    ,    ,    ,    ,276,  10,      IRMA  ,   7,    3, 1, 1, 1, 1,     20.3,   23.3,   11.4,   20.7,     2.1928
AL, 11, 2017090718,   , VR-3,  42, 222N,  793W, 115,  941,   ,  34, NEQ,  160,  160,  120,  170, 1013,     ,  15,     ,    ,    ,    ,    ,288,  10,      IRMA  ,   8,    3, 0, 0, 0, 0,     27.9,   36.3,   27.0,   33.3,     1.6761
AL, 11, 2017090718,   , VR-3,  42, 222N,  793W, 115,  941,   ,  50, NEQ,  100,   90,   50,   80, 1013,     ,  15,     ,    ,    ,    ,    ,288,  10,      IRMA  ,   8,    3, 0, 0, 0, 0,     24.5,   26.7,   14.6,   20.4,     1.6761
AL, 11, 2017090718,   , VR-3,  42, 222N,  793W, 115,  941,   ,  64, NEQ,   60,   60,   30,   60, 1013,     ,  15,     ,    ,    ,    ,    ,288,  10,      IRMA  ,   8,    3, 1, 1, 1, 1,     19.0,   22.8,   11.4,   20.3,     1.6761
AL, 11, 2017090718,   , VR-3,  48, 225N,  803W, 110,  938,   ,  34, NEQ,  160,  160,  120,  170, 1013,     ,  15,     ,    ,    ,    ,    ,288,  10,      IRMA  ,   9,    3, 0, 0, 0, 0,     23.3,   31.5,   23.4,   28.4,     1.4646
AL, 11, 2017090718,   , VR-3,  48, 225N,  803W, 110,  938,   ,  50, NEQ,  100,   90,   50,   80, 1013,     ,  15,     ,    ,    ,    ,    ,288,  10,      IRMA  ,   9,    3, 0, 0, 0, 0,     21.6,   24.2,   13.2,   18.0,     1.4646
AL, 11, 2017090718,   , VR-3,  48, 225N,  803W, 110,  938,   ,  64, NEQ,   60,   60,   30,   60, 1013,     ,  15,     ,    ,    ,    ,    ,288,  10,      IRMA  ,   9,    3, 1, 1, 1, 1,     17.4,   21.6,   10.8,   18.7,     1.4646
AL, 11, 2017090718,   , VR-3,  54, 227N,  810W, 105,  932,   ,  34, NEQ,  170,  170,  120,  180, 1013,     ,  15,     ,    ,    ,    ,    ,287,   7,      IRMA  ,  10,    3, 0, 0, 0, 0,     20.9,   27.5,   18.4,   25.0,     1.2608
AL, 11, 2017090718,   , VR-3,  54, 227N,  810W, 105,  932,   ,  50, NEQ,  100,  100,   50,   80, 1013,     ,  15,     ,    ,    ,    ,    ,287,   7,      IRMA  ,  10,    3, 0, 0, 0, 0,     18.7,   23.4,   11.0,   15.3,     1.2608
AL, 11, 2017090718,   , VR-3,  54, 227N,  810W, 105,  932,   ,  64, NEQ,   60,   60,   30,   60, 1013,     ,  15,     ,    ,    ,    ,    ,287,   7,      IRMA  ,  10,    3, 1, 1, 1, 1,     15.8,   19.4,    9.5,   16.9,     1.2608
AL, 11, 2017090718,   , VR-3,  60, 230N,  814W, 115,  930,   ,  34, NEQ,  190,  170,  140,  190, 1013,     ,  10,     ,    ,    ,    ,    ,309,   5,      IRMA  ,  11,    3, 0, 0, 0, 0,     30.4,   30.4,   26.1,   34.4,     1.5159
AL, 11, 2017090718,   , VR-3,  60, 230N,  814W, 115,  930,   ,  50, NEQ,  110,  110,   70,  100, 1013,     ,  10,     ,    ,    ,    ,    ,309,   5,      IRMA  ,  11,    3, 0, 0, 0, 0,     24.2,   27.3,   17.5,   23.8,     1.5159
AL, 11, 2017090718,   , VR-3,  60, 230N,  814W, 115,  930,   ,  64, NEQ,   70,   50,   30,   50, 1013,     ,  10,     ,    ,    ,    ,    ,309,   5,      IRMA  ,  11,    3, 1, 1, 1, 1,     20.2,   15.4,    9.6,   15.1,     1.5159
AL, 11, 2017090718,   , VR-3,  66, 237N,  817W, 115,  931,   ,  34, NEQ,  190,  170,  140,  190, 1013,     ,  10,     ,    ,    ,    ,    ,339,   8,      IRMA  ,  12,    3, 0, 0, 0, 0,     29.7,   28.3,   27.0,   37.6,     1.4975
AL, 11, 2017090718,   , VR-3,  66, 237N,  817W, 115,  931,   ,  50, NEQ,  110,  110,   70,  100, 1013,     ,  10,     ,    ,    ,    ,    ,339,   8,      IRMA  ,  12,    3, 0, 0, 0, 0,     23.8,   25.8,   18.0,   25.6,     1.4975
AL, 11, 2017090718,   , VR-3,  66, 237N,  817W, 115,  931,   ,  64, NEQ,   70,   50,   30,   50, 1013,     ,  10,     ,    ,    ,    ,    ,339,   8,      IRMA  ,  12,    3, 1, 1, 1, 1,     20.0,   14.7,    9.9,   16.2,     1.4975
AL, 11, 2017090718,   , VR-3,  72, 248N,  821W, 100,  936,   ,  34, NEQ,  190,  170,  140,  190, 1013,     ,  15,     ,    ,    ,    ,    ,342,  12,      IRMA  ,  13,    3, 0, 0, 0, 0,     22.1,   22.0,   24.3,   33.9,     1.1465
AL, 11, 2017090718,   , VR-3,  72, 248N,  821W, 100,  936,   ,  50, NEQ,  100,  100,   70,  100, 1013,     ,  15,     ,    ,    ,    ,    ,342,  12,      IRMA  ,  13,    3, 0, 0, 0, 0,     17.6,   20.0,   17.7,   25.1,     1.1465
AL, 11, 2017090718,   , VR-3,  72, 248N,  821W, 100,  936,   ,  64, NEQ,   70,   60,   30,   50, 1013,     ,  15,     ,    ,    ,    ,    ,342,  12,      IRMA  ,  13,    3, 1, 1, 1, 1,     18.7,   17.4,   10.9,   17.5,     1.1465
AL, 11, 2017090718,   , VR-3,  78, 260N,  823W,  90,  942,   ,  34, NEQ,  360,  200,  150,  240, 1013,     ,  15,     ,    ,    ,    ,    ,351,  12,      IRMA  ,  14,    3, 0, 0, 0, 0,     68.8,   26.6,   27.6,   55.7,     1.0000
AL, 11, 2017090718,   , VR-3,  78, 260N,  823W,  90,  942,   ,  50, NEQ,  140,  140,   90,  120, 1013,     ,  15,     ,    ,    ,    ,    ,351,  12,      IRMA  ,  14,    3, 0, 0, 0, 0,     30.4,   32.9,   27.4,   38.6,     1.0000
AL, 11, 2017090718,   , VR-3,  78, 260N,  823W,  90,  942,   ,  64, NEQ,   70,   60,   30,   50, 1013,     ,  15,     ,    ,    ,    ,    ,351,  12,      IRMA  ,  14,    3, 1, 1, 1, 1,     21.8,   19.3,   13.4,   23.0,     1.0000
AL, 11, 2017090718,   , VR-3,  84, 273N,  831W,  75,  961,   ,  34, NEQ,  360,  230,  150,  240, 1013,     ,  20,     ,    ,    ,    ,    ,331,  15,      IRMA  ,  15,    3, 0, 0, 0, 0,    110.2,   69.1,   56.2,   99.0,     1.0000
AL, 11, 2017090718,   , VR-3,  84, 273N,  831W,  75,  961,   ,  50, NEQ,  140,  140,   90,  120, 1013,     ,  20,     ,    ,    ,    ,    ,331,  15,      IRMA  ,  15,    3, 0, 0, 0, 0,     50.7,   75.2,   38.0,   81.3,     1.0000
AL, 11, 2017090718,   , VR-3,  84, 273N,  831W,  75,  961,   ,  64, NEQ,   30,   30,   20,   50, 1013,     ,  20,     ,    ,    ,    ,    ,331,  15,      IRMA  ,  15,    3, 1, 1, 1, 1,     15.3,   15.3,    9.7,   28.4,     1.1049
AL, 11, 2017090718,   , VR-3,  90, 285N,  838W,  60,  970,   ,  34, NEQ,  360,  230,  150,  240, 1013,     ,  40,     ,    ,    ,    ,    ,333,  14,      IRMA  ,  16,    2, 0, 0, 0, 0,     38.6,   38.7,   47.7,   56.2,     1.0000
AL, 11, 2017090718,   , VR-3,  90, 285N,  838W,  60,  970,   ,  50, NEQ,  140,  140,   90,  120, 1013,     ,  40,     ,    ,    ,    ,    ,333,  14,      IRMA  ,  16,    2, 1, 1, 1, 1,     51.8,   51.8,   71.7,   44.4,     1.0000
AL, 11, 2017090718,   , VR-3,  96, 296N,  849W,  45,  980,   ,  34, NEQ,  360,  230,  150,  240, 1013,     ,  60,     ,    ,    ,    ,    ,319,  15,      IRMA  ,  17,    1, 1, 1, 1, 1,     99.7,   63.7,   41.6,   66.5,     1.0000
AL, 11, 2017090718,   , VR-3, 102, 304N,  860W,  40,  986,   ,  34, NEQ,  360,  300,    0,    0, 1013,     ,  60,     ,    ,    ,    ,    ,310,  12,      IRMA  ,  18,    1, 1, 1, 1, 1,    141.9,  118.3,   65.0,   65.0,     1.0000
