AL, 11, 2017090718,   , VR-7,   0, 207N,  704W, 150,  922,   ,  34, NEQ,  160,  120,   80,  150, 1013,     ,  15,     ,    ,    ,    ,    ,283,  13,      IRMA  ,   1,    3, 0, 0, 0, 0,     33.3,   30.1,   19.8,   33.0,     2.2724
AL, 11, 2017090718,   , VR-7,   0, 207N,  704W, 150,  922,   ,  50, NEQ,  100,   70,   50,   70, 1013,     ,  15,     ,    ,    ,    ,    ,283,  13,      IRMA  ,   1,    3, 0, 0, 0, 0,     26.8,   21.8,   15.7,   19.0,     2.2724
AL, 11, 2017090718,   , VR-7,   0, 207N,  704W, 150,  922,   ,  64, NEQ,   60,   40,   30,   50, 1013,     ,  15,     ,    ,    ,    ,    ,283,  13,      IRMA  ,   1,    3, 1, 1, 1, 1,     19.4,   14.7,   11.3,   16.6,     2.2724
AL, 11, 2017090718,   , VR-7,   6, 210N,  718W, 150,  919,   ,  34, NEQ,  160,  120,   80,  150, 1013,     ,  15,     ,    ,    ,    ,    ,283,  13,      IRMA  ,   2,    3, 0, 0, 0, 0,     31.7,   28.8,   18.9,   31.5,     2.1999
AL, 11, 2017090718,   , VR-7,   6, 210N,  718W, 150,  919,   ,  50, NEQ,  100,   70,   50,   80, 1013,     ,  15,     ,    ,    ,    ,    ,283,  13,      IRMA  ,   2,    3, 0, 0, 0, 0,     25.8,   21.0,   15.1,   21.1,     2.1999
AL, 11, 2017090718,   , VR-7,   6, 210N,  718W, 150,  919,   ,  64, NEQ,   60,   45,   30,   55, 1013,     ,  15,     ,    ,    ,    ,    ,283,  13,      IRMA  ,   2,    3, 1, 1, 1, 1,     18.7,   16.2,   10.9,   17.7,     2.1999
AL, 11, 2017090718,   , VR-7,  12, 213N,  732W, 140,  925,   ,  34, NEQ,  160,  120,   80,  150, 1013,     ,  30,     ,    ,    ,    ,    ,283,  13,      IRMA  ,   3,    3, 0, 0, 0, 0,     30.0,   27.6,   18.1,   29.9,     2.0315
AL, 11, 2017090718,   , VR-7,  12, 213N,  732W, 140,  925,   ,  50, NEQ,  100,   70,   50,   80, 1013,     ,  30,     ,    ,    ,    ,    ,283,  13,      IRMA  ,   3,    3, 0, 0, 0, 0,     24.9,   20.5,   14.8,   20.4,     2.0315
AL, 11, 2017090718,   , VR-7,  12, 213N,  732W, 140,  925,   ,  64, NEQ,   60,   45,   35,   55, 1013,     ,  30,     ,    ,    ,    ,    ,283,  13,      IRMA  ,   3,    3, 1, 1, 1, 1,     18.3,   16.1,   12.8,   17.5,     2.0315
AL, 11, 2017090718,   , VR-7,  18, 215N,  747W, 130,  927,   ,  34, NEQ,  160,  120,   80,  150, 1013,     ,  30,     ,    ,    ,    ,    ,278,  14,      IRMA  ,   4,    3, 0, 0, 0, 0,     26.0,   24.9,   16.0,   25.4,     1.7689
AL, 11, 2017090718,   , VR-7,  18, 215N,  747W, 130,  927,   ,  50, NEQ,  100,   90,   50,   80, 1013,     ,  30,     ,    ,    ,    ,    ,278,  14,      IRMA  ,   4,    3, 0, 0, 0, 0,     22.5,   25.5,   13.7,   18.1,     1.7689
AL, 11, 2017090718,   , VR-7,  18, 215N,  747W, 130,  927,   ,  64, NEQ,   60,   45,   35,   55, 1013,     ,  30,     ,    ,    ,    ,    ,278,  14,      IRMA  ,   4,    3, 1, 1, 1, 1,     17.1,   15.6,   12.2,   16.1,     1.7689
AL, 11, 2017090718,   , VR-7,  24, 215N,  760W, 135,  925,   ,  34, NEQ,  160,  120,   80,  150, 1013,     ,  30,     ,    ,    ,    ,    ,270,  12,      IRMA  ,   5,    3, 0, 0, 0, 0,     29.0,   26.4,   16.4,   26.7,     1.8950
AL, 11, 2017090718,   , VR-7,  24, 215N,  760W, 135,  925,   ,  50, NEQ,  100,   90,   50,   80, 1013,     ,  30,     ,    ,    ,    ,    ,270,  12,      IRMA  ,   5,    3, 0, 0, 0, 0,     24.2,   26.3,   13.8,   18.8,     1.8950
AL, 11, 2017090718,   , VR-7,  24, 215N,  760W, 135,  925,   ,  64, NEQ,   60,   60,   30,   60, 1013,     ,  30,     ,    ,    ,    ,    ,270,  12,      IRMA  ,   5,    3, 1, 1, 1, 1,     18.0,   21.5,   10.3,   18.0,     1.8950
AL, 11, 2017090718,   , VR-7,  30, 214N,  772W, 140,  924,   ,  34, NEQ,  160,  120,   80,  150, 1013,     ,  20,     ,    ,    ,    ,    ,265,  11,      IRMA  ,   6,    3, 0, 0, 0, 0,     31.8,   28.1,   17.3,   28.6,     2.0335
AL, 11, 2017090718,   , VR-7,  30, 214N,  772W, 140,  924,   ,  50, NEQ,  100,   90,   50,   80, 1013,     ,  20,     ,    ,    ,    ,    ,265,  11,      IRMA  ,   6,    3, 0, 0, 0, 0,     25.9,   27.4,   14.2,   19.7,     2.0335
AL, 11, 2017090718,   , VR-7,  30, 214N,  772W, 140,  924,   ,  64, NEQ,   60,   60,   30,   60, 1013,     ,  20,     ,    ,    ,    ,    ,265,  11,      IRMA  ,   6,    3, 1, 1, 1, 1,     18.9,   22.1,   10.5,   18.6,     2.0335
AL, 11, 2017090718,   , VR-7,  36, 214N,  783W, 140,  930,   ,  34, NEQ,  160,  160,  120,  170, 1013,     ,  15,     ,    ,    ,    ,    ,270,  10,      IRMA  ,   7,    3, 0, 0, 0, 0,     35.4,   43.1,   30.7,   38.1,     2.1931
AL, 11, 2017090718,   , VR-7,  36, 214N,  783W, 140,  930,   ,  50, NEQ,  100,   90,   50,   80, 1013,     ,  15,     ,    ,    ,    ,    ,270,  10,      IRMA  ,   7,    3, 0, 0, 0, 0,     28.4,   29.5,   15.6,   22.1,     2.1931
AL, 11, 2017090718,   , VR-7,  36, 214N,  783W, 140,  930,   ,  64, NEQ,   60,   60,   30,   60, 1013,     ,  15,     ,    ,    ,    ,    ,270,  10,      IRMA  ,   7,    3, 1, 1, 1, 1,     20.5,   23.5,   11.3,   20.5,     2.1931
AL, 11, 2017090718,   , VR-7,  42, 216N,  794W, 115,  941,   ,  34, NEQ,  160,  160,  120,  170, 1013,     ,  15,     ,    ,    ,    ,    ,281,  10,      IRMA  ,   8,    3, 0, 0, 0, 0,     27.7,   36.6,   26.7,   32.1,     1.6676
AL, 11, 2017090718,   , VR-7,  42, 216N,  794W, 115,  941,   ,  50, NEQ,  100,   90,   50,   80, 1013,     ,  15,     ,    ,    ,    ,    ,281,  10,      IRMA  ,   8,    3, 0, 0, 0, 0,     24.5,   27.0,   14.5,   19.8,     1.6676
AL, 11, 2017090718,   , VR-7,  42, 216N,  794W, 115,  941,   ,  64, NEQ,   60,   60,   30,   60, 1013,     ,  15,     ,    ,    ,    ,    ,281,  10,      IRMA  ,   8,    3, 1, 1, 1, 1,     19.0,   23.1,   11.4,   19.8,     1.6676
AL, 11, 2017090718,   , VR-7,  48, 218N,  804W, 110,  938,   ,  34, NEQ,  160,  160,  120,  170, 1013,     ,  15,     ,    ,    ,    ,    ,282,  10,      IRMA  ,   9,    3, 0, 0, 0, 0,     23.5,   31.7,   23.0,   27.6,     1.4672
AL, 11, 2017090718,   , VR-7,  48, 218N,  804W, 110,  938,   ,  50, NEQ,  100,   90,   50,   80, 1013,     ,  15,     ,    ,    ,    ,    ,282,  10,      IRMA  ,   9,    3, 0, 0, 0, 0,     21.7,   24.4,   13.0,   17.7,     1.4672
AL, 11, 2017090718,   , VR-7,  48, 218N,  804W, 110,  938,   ,  64, NEQ,   60,   60,   30,   60, 1013,     ,  15,     ,    ,    ,    ,    ,282,  10,      IRMA  ,   9,    3, 1, 1, 1, 1,     17.5,   21.8,   10.7,   18.4,     1.4672
AL, 11, 2017090718,   , VR-7,  54, 219N,  811W, 105,  932,   ,  34, NEQ,  170,  170,  120,  180, 1013,     ,  15,     ,    ,    ,    ,    ,279,   7,      IRMA  ,  10,    3, 0, 0, 0, 0,     21.1,   27.7,   17.9,   24.0,     1.2630
AL, 11, 2017090718,   , VR-7,  54, 219N,  811W, 105,  932,   ,  50, NEQ,  100,  100,   50,   80, 1013,     ,  15,     ,    ,    ,    ,    ,279,   7,      IRMA  ,  10,    3, 0, 0, 0, 0,     18.9,   23.7,   10.8,   14.9,     1.2630
AL, 11, 2017090718,   , VR-7,  54, 219N,  811W, 105,  932,   ,  64, NEQ,   60,   60,   30,   60, 1013,     ,  15,     ,    ,    ,    ,    ,279,   7,      IRMA  ,  10,    3, 1, 1, 1, 1,     16.0,   19.6,    9.4,   16.5,     1.2630
AL, 11, 2017090718,   , VR-7,  60, 220N,  816W, 115,  930,   ,  34, NEQ,  190,  170,  140,  190, 1013,     ,  10,     ,    ,    ,    ,    ,282,   5,      IRMA  ,  11,    3, 0, 0, 0, 0,     30.6,   31.6,   25.3,   32.0,     1.5161
AL, 11, 2017090718,   , VR-7,  60, 220N,  816W, 115,  930,   ,  50, NEQ,  110,  110,   70,  100, 1013,     ,  10,     ,    ,    ,    ,    ,282,   5,      IRMA  ,  11,    3, 0, 0, 0, 0,     24.4,   28.2,   17.1,   22.5,     1.5161
AL, 11, 2017090718,   , VR-7,  60, 220N,  816W, 115,  930,   ,  64, NEQ,   70,   50,   30,   50, 1013,     ,  10,     ,    ,    ,    ,    ,282,   5,      IRMA  ,  11,    3, 1, 1, 1, 1,     20.4,   16.0,    9.5,   14.5,     1.5161
AL, 11, 2017090718,   , VR-7,  66, 227N,  821W, 115,  931,   ,  34, NEQ,  190,  170,  140,  190, 1013,     ,  10,     ,    ,    ,    ,    ,327,   8,      IRMA  ,  12,    3, 0, 0, 0, 0,     28.2,   28.7,   27.1,   35.9,     1.4871
AL, 11, 2017090718,   , VR-7,  66, 227N,  821W, 115,  931,   ,  50, NEQ,  110,  110,   70,  100, 1013,     ,  10,     ,    ,    ,    ,    ,327,   8,      IRMA  ,  12,    3, 0, 0, 0, 0,     22.9,   26.1,   18.1,   24.7,     1.4871
AL, 11, 2017090718,   , VR-7,  66, 227N,  821W, 115,  931,   ,  64, NEQ,   70,   50,   30,   50, 1013,     ,  10,     ,    ,    ,    ,    ,327,   8,      IRMA  ,  12,    3, 1, 1, 1, 1,     19.4,   14.9,   10.0,   15.8,     1.4871
AL, 11, 2017090718,   , VR-7,  72, 237N,  826W, 100,  936,   ,  34, NEQ,  190,  170,  140,  190, 1013,     ,  15,     ,    ,    ,    ,    ,335,  11,      IRMA  ,  13,    3, 0, 0, 0, 0,     21.5,   22.5,   24.0,   32.3,     1.1521
AL, 11, 2017090718,   , VR-7,  72, 237N,  826W, 100,  936,   ,  50, NEQ,  100,  100,   70,  100, 1013,     ,  15,     ,    ,    ,    ,    ,335,  11,      IRMA  ,  13,    3, 0, 0, 0, 0,     17.3,   20.4,   17.6,   24.2,     1.1521
AL, 11, 2017090718,   , VR-7,  72, 237N,  826W, 100,  936,   ,  64, NEQ,   70,   60,   30,   50, 1013,     ,  15,     ,    ,    ,    ,    ,335,  11,      IRMA  ,  13,    3, 1, 1, 1, 1,     18.4,   17.8,   10.8,   16.9,     1.1521
AL, 11, 2017090718,   , VR-7,  78, 248N,  831W,  90,  942,   ,  34, NEQ,  360,  200,  150,  240, 1013,     ,  15,     ,    ,    ,    ,    ,337,  12,      IRMA  ,  14,    3, 0, 0, 0, 0,     62.5,   28.2,   27.7,   50.3,     1.0000
AL, 11, 2017090718,   , VR-7,  78, 248N,  831W,  90,  942,   ,  50, NEQ,  140,  140,   90,  120, 1013,     ,  15,     ,    ,    ,    ,    ,337,  12,      IRMA  ,  14,    3, 0, 0, 0, 0,     28.5,   34.6,   27.7,   35.3,     1.0000
AL, 11, 2017090718,   , VR-7,  78, 248N,  831W,  90,  942,   ,  64, NEQ,   70,   60,   30,   50, 1013,     ,  15,     ,    ,    ,    ,    ,337,  12,      IRMA  ,  14,    3, 1, 1, 1, 1,     20.7,   20.5,   13.8,   21.1,     1.0000
AL, 11, 2017090718,   , VR-7,  84, 259N,  841W,  75,  961,   ,  34, NEQ,  360,  230,  150,  240, 1013,     ,  20,     ,    ,    ,    ,    ,321,  14,      IRMA  ,  15,    3, 0, 0, 0, 0,    102.5,   71.8,   53.9,   85.3,     1.0000
AL, 11, 2017090718,   , VR-7,  84, 259N,  841W,  75,  961,   ,  50, NEQ,  140,  140,   90,  120, 1013,     ,  20,     ,    ,    ,    ,    ,321,  14,      IRMA  ,  15,    3, 0, 0, 0, 0,     48.3,   79.5,   77.0,   67.7,     1.0000
AL, 11, 2017090718,   , VR-7,  84, 259N,  841W,  75,  961,   ,  64, NEQ,   30,   30,   20,   50, 1013,     ,  20,     ,    ,    ,    ,    ,321,  14,      IRMA  ,  15,    3, 1, 1, 1, 1,     15.2,   15.2,    9.6,   28.0,     1.1049
AL, 11, 2017090718,   , VR-7,  90, 269N,  852W,  60,  970,   ,  34, NEQ,  360,  230,  150,  240, 1013,     ,  40,     ,    ,    ,    ,    ,315,  14,      IRMA  ,  16,    2, 0, 0, 0, 0,    313.0,   46.4,   49.9,   48.8,     1.0000
AL, 11, 2017090718,   , VR-7,  90, 269N,  852W,  60,  970,   ,  50, NEQ,  140,  140,   90,  120, 1013,     ,  40,     ,    ,    ,    ,    ,315,  14,      IRMA  ,  16,    2, 1, 1, 1, 1,     51.8,   51.8,   67.1,   44.4,     1.0000
AL, 11, 2017090718,   , VR-7,  96, 277N,  865W,  45,  980,   ,  34, NEQ,  360,  230,  150,  240, 1013,     ,  60,     ,    ,    ,    ,    ,305,  14,      IRMA  ,  17,    1, 1, 1, 1, 1,     99.7,   63.7,   41.6,   66.5,     1.0000
AL, 11, 2017090718,   , VR-7, 102, 281N,  878W,  40,  986,   ,  34, NEQ,  360,  300,    0,    0, 1013,     ,  60,     ,    ,    ,    ,    ,289,  12,      IRMA  ,  18,    1, 1, 1, 1, 1,    141.9,  118.3,   65.0,   65.0,     1.0000
