-26.9 16.1  
-28.3 16.2  
-29.7 16.3  
-30.8 16.3  
-31.7 16.3  
-32.5 16.4  
-33.4 16.7  
-34.2 17.1  
-35.1 17.5  
-36.1 17.9  
-37.3 18.4  
-38.5 18.8  
-39.7 19.1  
-41.1 19.1  
-42.6 18.9  
-44.1 18.7  
-45.5 18.5  
-46.7 18.2  
-47.9 17.9  
-49.2 17.6  
-50.4 17.3  
-51.5 17.0  
-52.6 16.8  
-53.9 16.7  
-55.1 16.6  
-56.4 16.6  
-57.8 16.7  
-59.2 16.9  
-60.6 17.3  
-61.8 17.7  
-61.9 17.7  
-63.1 18.1  
-63.3 18.1  
-64.4 18.5  
-64.7 18.6  
-66.2 19.2  
-67.6 19.7  
-69.0 20.2  
-70.4 20.7  
-71.8 21.1  
-73.0 21.5  
-73.2 21.5  
-74.7 21.8  
-76.0 22.0  
-77.2 22.1  
-77.9 22.3  
-78.3 22.4  
-79.3 22.7  
-80.2 23.1  
-80.9 23.4  
-81.3 23.7  
-81.5 24.5  
-81.5 24.7  
-81.7 25.6  
-81.7 25.9  
-81.7 26.8  
-82.2 28.2  
-82.7 29.6  
-83.5 30.9  
-84.4 31.9  
-85.6 32.9  
-86.9 33.8  
-88.1 34.8  
-88.9 35.6  
-89.5 36.2  
-90.1 36.8  
