AL, 11, 2017090718,   , VR+6,   0, 207N,  704W, 150,  922,   ,  34, NEQ,  160,  120,   80,  150, 1013,     ,  15,     ,    ,    ,    ,    ,288,  13,      IRMA  ,   1,    3, 0, 0, 0, 0,     33.2,   29.7,   19.9,   33.6,     2.2798
AL, 11, 2017090718,   , VR+6,   0, 207N,  704W, 150,  922,   ,  50, NEQ,  100,   70,   50,   70, 1013,     ,  15,     ,    ,    ,    ,    ,288,  13,      IRMA  ,   1,    3, 0, 0, 0, 0,     26.8,   21.6,   15.8,   19.3,     2.2798
AL, 11, 2017090718,   , VR+6,   0, 207N,  704W, 150,  922,   ,  64, NEQ,   60,   40,   30,   50, 1013,     ,  15,     ,    ,    ,    ,    ,288,  13,      IRMA  ,   1,    3, 1, 1, 1, 1,     19.3,   14.6,   11.3,   16.8,     2.2798
AL, 11, 2017090718,   , VR+6,   6, 211N,  717W, 150,  919,   ,  34, NEQ,  160,  120,   80,  150, 1013,     ,  15,     ,    ,    ,    ,    ,288,  13,      IRMA  ,   2,    3, 0, 0, 0, 0,     31.7,   28.5,   19.0,   32.1,     2.2071
AL, 11, 2017090718,   , VR+6,   6, 211N,  717W, 150,  919,   ,  50, NEQ,  100,   70,   50,   80, 1013,     ,  15,     ,    ,    ,    ,    ,288,  13,      IRMA  ,   2,    3, 0, 0, 0, 0,     25.7,   20.8,   15.2,   21.4,     2.2071
AL, 11, 2017090718,   , VR+6,   6, 211N,  717W, 150,  919,   ,  64, NEQ,   60,   45,   30,   55, 1013,     ,  15,     ,    ,    ,    ,    ,288,  13,      IRMA  ,   2,    3, 1, 1, 1, 1,     18.7,   16.0,   11.0,   18.0,     2.2071
AL, 11, 2017090718,   , VR+6,  12, 216N,  731W, 140,  925,   ,  34, NEQ,  160,  120,   80,  150, 1013,     ,  30,     ,    ,    ,    ,    ,291,  14,      IRMA  ,   3,    3, 0, 0, 0, 0,     29.3,   27.2,   18.3,   30.6,     2.0252
AL, 11, 2017090718,   , VR+6,  12, 216N,  731W, 140,  925,   ,  50, NEQ,  100,   70,   50,   80, 1013,     ,  30,     ,    ,    ,    ,    ,291,  14,      IRMA  ,   3,    3, 0, 0, 0, 0,     24.5,   20.2,   15.0,   20.8,     2.0252
AL, 11, 2017090718,   , VR+6,  12, 216N,  731W, 140,  925,   ,  64, NEQ,   60,   45,   35,   55, 1013,     ,  30,     ,    ,    ,    ,    ,291,  14,      IRMA  ,   3,    3, 1, 1, 1, 1,     18.1,   15.9,   12.9,   17.7,     2.0252
AL, 11, 2017090718,   , VR+6,  18, 220N,  746W, 130,  927,   ,  34, NEQ,  160,  120,   80,  150, 1013,     ,  30,     ,    ,    ,    ,    ,286,  15,      IRMA  ,   4,    3, 0, 0, 0, 0,     25.4,   24.5,   16.3,   26.2,     1.7650
AL, 11, 2017090718,   , VR+6,  18, 220N,  746W, 130,  927,   ,  50, NEQ,  100,   90,   50,   80, 1013,     ,  30,     ,    ,    ,    ,    ,286,  15,      IRMA  ,   4,    3, 0, 0, 0, 0,     22.1,   25.1,   13.9,   18.5,     1.7650
AL, 11, 2017090718,   , VR+6,  18, 220N,  746W, 130,  927,   ,  64, NEQ,   60,   45,   35,   55, 1013,     ,  30,     ,    ,    ,    ,    ,286,  15,      IRMA  ,   4,    3, 1, 1, 1, 1,     16.9,   15.3,   12.4,   16.4,     1.7650
AL, 11, 2017090718,   , VR+6,  24, 223N,  759W, 135,  925,   ,  34, NEQ,  160,  120,   80,  150, 1013,     ,  30,     ,    ,    ,    ,    ,284,  12,      IRMA  ,   5,    3, 0, 0, 0, 0,     28.0,   25.8,   16.9,   28.1,     1.8916
AL, 11, 2017090718,   , VR+6,  24, 223N,  759W, 135,  925,   ,  50, NEQ,  100,   90,   50,   80, 1013,     ,  30,     ,    ,    ,    ,    ,284,  12,      IRMA  ,   5,    3, 0, 0, 0, 0,     23.6,   25.8,   14.1,   19.4,     1.8916
AL, 11, 2017090718,   , VR+6,  24, 223N,  759W, 135,  925,   ,  64, NEQ,   60,   60,   30,   60, 1013,     ,  30,     ,    ,    ,    ,    ,284,  12,      IRMA  ,   5,    3, 1, 1, 1, 1,     17.7,   21.2,   10.5,   18.6,     1.8916
AL, 11, 2017090718,   , VR+6,  30, 226N,  770W, 140,  924,   ,  34, NEQ,  160,  120,   80,  150, 1013,     ,  20,     ,    ,    ,    ,    ,286,  11,      IRMA  ,   6,    3, 0, 0, 0, 0,     30.9,   27.3,   17.9,   30.8,     2.0408
AL, 11, 2017090718,   , VR+6,  30, 226N,  770W, 140,  924,   ,  50, NEQ,  100,   90,   50,   80, 1013,     ,  20,     ,    ,    ,    ,    ,286,  11,      IRMA  ,   6,    3, 0, 0, 0, 0,     25.4,   26.7,   14.6,   20.8,     2.0408
AL, 11, 2017090718,   , VR+6,  30, 226N,  770W, 140,  924,   ,  64, NEQ,   60,   60,   30,   60, 1013,     ,  20,     ,    ,    ,    ,    ,286,  11,      IRMA  ,   6,    3, 1, 1, 1, 1,     18.6,   21.5,   10.8,   19.5,     2.0408
AL, 11, 2017090718,   , VR+6,  36, 229N,  781W, 140,  930,   ,  34, NEQ,  160,  160,  120,  170, 1013,     ,  15,     ,    ,    ,    ,    ,286,  11,      IRMA  ,   7,    3, 0, 0, 0, 0,     34.6,   42.6,   31.7,   40.1,     2.1887
AL, 11, 2017090718,   , VR+6,  36, 229N,  781W, 140,  930,   ,  50, NEQ,  100,   90,   50,   80, 1013,     ,  15,     ,    ,    ,    ,    ,286,  11,      IRMA  ,   7,    3, 0, 0, 0, 0,     27.9,   29.1,   15.9,   22.9,     2.1887
AL, 11, 2017090718,   , VR+6,  36, 229N,  781W, 140,  930,   ,  64, NEQ,   60,   60,   30,   60, 1013,     ,  15,     ,    ,    ,    ,    ,286,  11,      IRMA  ,   7,    3, 1, 1, 1, 1,     20.1,   23.1,   11.5,   21.0,     2.1887
AL, 11, 2017090718,   , VR+6,  42, 235N,  790W, 115,  941,   ,  34, NEQ,  160,  160,  120,  170, 1013,     ,  15,     ,    ,    ,    ,    ,306,  10,      IRMA  ,   8,    3, 0, 0, 0, 0,     27.4,   35.0,   27.8,   35.8,     1.6702
AL, 11, 2017090718,   , VR+6,  42, 235N,  790W, 115,  941,   ,  50, NEQ,  100,   90,   50,   80, 1013,     ,  15,     ,    ,    ,    ,    ,306,  10,      IRMA  ,   8,    3, 0, 0, 0, 0,     24.2,   25.8,   14.9,   21.5,     1.6702
AL, 11, 2017090718,   , VR+6,  42, 235N,  790W, 115,  941,   ,  64, NEQ,   60,   60,   30,   60, 1013,     ,  15,     ,    ,    ,    ,    ,306,  10,      IRMA  ,   8,    3, 1, 1, 1, 1,     18.7,   22.1,   11.6,   21.2,     1.6702
AL, 11, 2017090718,   , VR+6,  48, 241N,  798W, 110,  938,   ,  34, NEQ,  160,  160,  120,  170, 1013,     ,  15,     ,    ,    ,    ,    ,309,   9,      IRMA  ,   9,    3, 0, 0, 0, 0,     23.3,   30.2,   24.2,   31.5,     1.4676
AL, 11, 2017090718,   , VR+6,  48, 241N,  798W, 110,  938,   ,  50, NEQ,  100,   90,   50,   80, 1013,     ,  15,     ,    ,    ,    ,    ,309,   9,      IRMA  ,   9,    3, 0, 0, 0, 0,     21.5,   23.2,   13.5,   19.5,     1.4676
AL, 11, 2017090718,   , VR+6,  48, 241N,  798W, 110,  938,   ,  64, NEQ,   60,   60,   30,   60, 1013,     ,  15,     ,    ,    ,    ,    ,309,   9,      IRMA  ,   9,    3, 1, 1, 1, 1,     17.3,   20.6,   11.0,   20.0,     1.4676
AL, 11, 2017090718,   , VR+6,  54, 245N,  804W, 105,  932,   ,  34, NEQ,  170,  170,  120,  180, 1013,     ,  15,     ,    ,    ,    ,    ,306,   7,      IRMA  ,  10,    3, 0, 0, 0, 0,     21.0,   26.8,   19.1,   27.5,     1.2606
AL, 11, 2017090718,   , VR+6,  54, 245N,  804W, 105,  932,   ,  50, NEQ,  100,  100,   50,   80, 1013,     ,  15,     ,    ,    ,    ,    ,306,   7,      IRMA  ,  10,    3, 0, 0, 0, 0,     18.7,   22.8,   11.3,   16.4,     1.2606
AL, 11, 2017090718,   , VR+6,  54, 245N,  804W, 105,  932,   ,  64, NEQ,   60,   60,   30,   60, 1013,     ,  15,     ,    ,    ,    ,    ,306,   7,      IRMA  ,  10,    3, 1, 1, 1, 1,     15.7,   18.8,    9.7,   17.9,     1.2606
AL, 11, 2017090718,   , VR+6,  60, 249N,  807W, 115,  930,   ,  34, NEQ,  190,  170,  140,  190, 1013,     ,  10,     ,    ,    ,    ,    ,326,   5,      IRMA  ,  11,    3, 0, 0, 0, 0,     31.2,   30.0,   26.7,   36.6,     1.5147
AL, 11, 2017090718,   , VR+6,  60, 249N,  807W, 115,  930,   ,  50, NEQ,  110,  110,   70,  100, 1013,     ,  10,     ,    ,    ,    ,    ,326,   5,      IRMA  ,  11,    3, 0, 0, 0, 0,     24.6,   26.9,   17.6,   24.9,     1.5147
AL, 11, 2017090718,   , VR+6,  60, 249N,  807W, 115,  930,   ,  64, NEQ,   70,   50,   30,   50, 1013,     ,  10,     ,    ,    ,    ,    ,326,   5,      IRMA  ,  11,    3, 1, 1, 1, 1,     20.4,   15.1,    9.7,   15.7,     1.5147
AL, 11, 2017090718,   , VR+6,  66, 258N,  807W, 115,  931,   ,  34, NEQ,  190,  170,  140,  190, 1013,     ,  10,     ,    ,    ,    ,    ,  0,   9,      IRMA  ,  12,    3, 0, 0, 0, 0,     31.2,   26.7,   27.0,   40.7,     1.4800
AL, 11, 2017090718,   , VR+6,  66, 258N,  807W, 115,  931,   ,  50, NEQ,  110,  110,   70,  100, 1013,     ,  10,     ,    ,    ,    ,    ,  0,   9,      IRMA  ,  12,    3, 0, 0, 0, 0,     24.6,   24.6,   17.8,   27.3,     1.4800
AL, 11, 2017090718,   , VR+6,  66, 258N,  807W, 115,  931,   ,  64, NEQ,   70,   50,   30,   50, 1013,     ,  10,     ,    ,    ,    ,    ,  0,   9,      IRMA  ,  12,    3, 1, 1, 1, 1,     20.5,   14.0,    9.8,   17.1,     1.4800
AL, 11, 2017090718,   , VR+6,  72, 269N,  805W, 100,  936,   ,  34, NEQ,  190,  170,  140,  190, 1013,     ,  15,     ,    ,    ,    ,    ,  9,  11,      IRMA  ,  13,    3, 0, 0, 0, 0,     26.1,   20.2,   23.2,   38.4,     1.1507
AL, 11, 2017090718,   , VR+6,  72, 269N,  805W, 100,  936,   ,  50, NEQ,  100,  100,   70,  100, 1013,     ,  15,     ,    ,    ,    ,    ,  9,  11,      IRMA  ,  13,    3, 0, 0, 0, 0,     19.8,   18.6,   16.8,   27.8,     1.1507
AL, 11, 2017090718,   , VR+6,  72, 269N,  805W, 100,  936,   ,  64, NEQ,   70,   60,   30,   50, 1013,     ,  15,     ,    ,    ,    ,    ,  9,  11,      IRMA  ,  13,    3, 1, 1, 1, 1,     20.7,   16.2,   10.2,   19.1,     1.1507
AL, 11, 2017090718,   , VR+6,  78, 280N,  801W,  90,  942,   ,  34, NEQ,  360,  200,  150,  240, 1013,     ,  15,     ,    ,    ,    ,    , 18,  12,      IRMA  ,  14,    3, 0, 0, 0, 0,     85.2,   24.4,   25.4,   63.0,     1.0000
AL, 11, 2017090718,   , VR+6,  78, 280N,  801W,  90,  942,   ,  50, NEQ,  140,  140,   90,  120, 1013,     ,  15,     ,    ,    ,    ,    , 18,  12,      IRMA  ,  14,    3, 0, 0, 0, 0,     35.7,   30.6,   25.0,   42.8,     1.0000
AL, 11, 2017090718,   , VR+6,  78, 280N,  801W,  90,  942,   ,  64, NEQ,   70,   60,   30,   50, 1013,     ,  15,     ,    ,    ,    ,    , 18,  12,      IRMA  ,  14,    3, 1, 1, 1, 1,     25.1,   17.7,   11.9,   25.4,     1.0000
AL, 11, 2017090718,   , VR+6,  84, 295N,  801W,  75,  961,   ,  34, NEQ,  360,  230,  150,  240, 1013,     ,  20,     ,    ,    ,    ,    ,  0,  15,      IRMA  ,  15,    3, 0, 0, 0, 0,    143.2,   57.8,   53.7,  134.3,     1.0000
AL, 11, 2017090718,   , VR+6,  84, 295N,  801W,  75,  961,   ,  50, NEQ,  140,  140,   90,  120, 1013,     ,  20,     ,    ,    ,    ,    ,  0,  15,      IRMA  ,  15,    3, 0, 0, 0, 0,     61.7,   61.7,   70.3,   45.8,     1.0000
AL, 11, 2017090718,   , VR+6,  84, 295N,  801W,  75,  961,   ,  64, NEQ,   30,   30,   20,   50, 1013,     ,  20,     ,    ,    ,    ,    ,  0,  15,      IRMA  ,  15,    3, 1, 1, 1, 1,     15.4,   15.4,    9.7,   29.0,     1.1049
AL, 11, 2017090718,   , VR+6,  90, 310N,  800W,  60,  970,   ,  34, NEQ,  360,  230,  150,  240, 1013,     ,  40,     ,    ,    ,    ,    ,  3,  15,      IRMA  ,  16,    2, 0, 0, 0, 0,     48.1,  137.6,   44.3,   73.8,     1.0000
AL, 11, 2017090718,   , VR+6,  90, 310N,  800W,  60,  970,   ,  50, NEQ,  140,  140,   90,  120, 1013,     ,  40,     ,    ,    ,    ,    ,  3,  15,      IRMA  ,  16,    2, 1, 1, 1, 1,     51.8,   51.8,   33.3,   44.4,     1.0000
AL, 11, 2017090718,   , VR+6,  96, 325N,  802W,  45,  980,   ,  34, NEQ,  360,  230,  150,  240, 1013,     ,  60,     ,    ,    ,    ,    ,354,  15,      IRMA  ,  17,    1, 1, 1, 1, 1,     99.7,   63.7,   41.6,   66.5,     1.0000
AL, 11, 2017090718,   , VR+6, 102, 338N,  806W,  40,  986,   ,  34, NEQ,  360,  300,    0,    0, 1013,     ,  60,     ,    ,    ,    ,    ,346,  13,      IRMA  ,  18,    1, 1, 1, 1, 1,    141.9,  118.3,   65.0,   65.0,     1.0000
