AL, 11, 2017090718,   , VR-2,   0, 207N,  704W, 150,  922,   ,  34, NEQ,  160,  120,   80,  150, 1013,     ,  15,     ,    ,    ,    ,    ,283,  13,      IRMA  ,   1,    3, 0, 0, 0, 0,     33.3,   30.1,   19.8,   33.0,     2.2724
AL, 11, 2017090718,   , VR-2,   0, 207N,  704W, 150,  922,   ,  50, NEQ,  100,   70,   50,   70, 1013,     ,  15,     ,    ,    ,    ,    ,283,  13,      IRMA  ,   1,    3, 0, 0, 0, 0,     26.8,   21.8,   15.7,   19.0,     2.2724
AL, 11, 2017090718,   , VR-2,   0, 207N,  704W, 150,  922,   ,  64, NEQ,   60,   40,   30,   50, 1013,     ,  15,     ,    ,    ,    ,    ,283,  13,      IRMA  ,   1,    3, 1, 1, 1, 1,     19.4,   14.7,   11.3,   16.6,     2.2724
AL, 11, 2017090718,   , VR-2,   6, 210N,  718W, 150,  919,   ,  34, NEQ,  160,  120,   80,  150, 1013,     ,  15,     ,    ,    ,    ,    ,283,  13,      IRMA  ,   2,    3, 0, 0, 0, 0,     31.7,   28.8,   18.9,   31.5,     2.1999
AL, 11, 2017090718,   , VR-2,   6, 210N,  718W, 150,  919,   ,  50, NEQ,  100,   70,   50,   80, 1013,     ,  15,     ,    ,    ,    ,    ,283,  13,      IRMA  ,   2,    3, 0, 0, 0, 0,     25.8,   21.0,   15.1,   21.1,     2.1999
AL, 11, 2017090718,   , VR-2,   6, 210N,  718W, 150,  919,   ,  64, NEQ,   60,   45,   30,   55, 1013,     ,  15,     ,    ,    ,    ,    ,283,  13,      IRMA  ,   2,    3, 1, 1, 1, 1,     18.7,   16.2,   10.9,   17.7,     2.1999
AL, 11, 2017090718,   , VR-2,  12, 214N,  732W, 140,  925,   ,  34, NEQ,  160,  120,   80,  150, 1013,     ,  30,     ,    ,    ,    ,    ,287,  14,      IRMA  ,   3,    3, 0, 0, 0, 0,     29.6,   27.4,   18.2,   30.2,     2.0286
AL, 11, 2017090718,   , VR-2,  12, 214N,  732W, 140,  925,   ,  50, NEQ,  100,   70,   50,   80, 1013,     ,  30,     ,    ,    ,    ,    ,287,  14,      IRMA  ,   3,    3, 0, 0, 0, 0,     24.7,   20.4,   14.9,   20.6,     2.0286
AL, 11, 2017090718,   , VR-2,  12, 214N,  732W, 140,  925,   ,  64, NEQ,   60,   45,   35,   55, 1013,     ,  30,     ,    ,    ,    ,    ,287,  14,      IRMA  ,   3,    3, 1, 1, 1, 1,     18.2,   16.0,   12.9,   17.6,     2.0286
AL, 11, 2017090718,   , VR-2,  18, 217N,  747W, 130,  927,   ,  34, NEQ,  160,  120,   80,  150, 1013,     ,  30,     ,    ,    ,    ,    ,282,  14,      IRMA  ,   4,    3, 0, 0, 0, 0,     25.7,   24.7,   16.1,   25.8,     1.7673
AL, 11, 2017090718,   , VR-2,  18, 217N,  747W, 130,  927,   ,  50, NEQ,  100,   90,   50,   80, 1013,     ,  30,     ,    ,    ,    ,    ,282,  14,      IRMA  ,   4,    3, 0, 0, 0, 0,     22.3,   25.3,   13.8,   18.3,     1.7673
AL, 11, 2017090718,   , VR-2,  18, 217N,  747W, 130,  927,   ,  64, NEQ,   60,   45,   35,   55, 1013,     ,  30,     ,    ,    ,    ,    ,282,  14,      IRMA  ,   4,    3, 1, 1, 1, 1,     17.0,   15.4,   12.3,   16.3,     1.7673
AL, 11, 2017090718,   , VR-2,  24, 218N,  760W, 135,  925,   ,  34, NEQ,  160,  120,   80,  150, 1013,     ,  30,     ,    ,    ,    ,    ,275,  12,      IRMA  ,   5,    3, 0, 0, 0, 0,     28.7,   26.2,   16.6,   27.2,     1.8948
AL, 11, 2017090718,   , VR-2,  24, 218N,  760W, 135,  925,   ,  50, NEQ,  100,   90,   50,   80, 1013,     ,  30,     ,    ,    ,    ,    ,275,  12,      IRMA  ,   5,    3, 0, 0, 0, 0,     24.0,   26.2,   13.9,   19.0,     1.8948
AL, 11, 2017090718,   , VR-2,  24, 218N,  760W, 135,  925,   ,  64, NEQ,   60,   60,   30,   60, 1013,     ,  30,     ,    ,    ,    ,    ,275,  12,      IRMA  ,   5,    3, 1, 1, 1, 1,     17.9,   21.4,   10.4,   18.2,     1.8948
AL, 11, 2017090718,   , VR-2,  30, 219N,  772W, 140,  924,   ,  34, NEQ,  160,  120,   80,  150, 1013,     ,  20,     ,    ,    ,    ,    ,275,  11,      IRMA  ,   6,    3, 0, 0, 0, 0,     31.1,   27.7,   17.6,   29.5,     2.0339
AL, 11, 2017090718,   , VR-2,  30, 219N,  772W, 140,  924,   ,  50, NEQ,  100,   90,   50,   80, 1013,     ,  20,     ,    ,    ,    ,    ,275,  11,      IRMA  ,   6,    3, 0, 0, 0, 0,     25.5,   27.1,   14.5,   20.2,     2.0339
AL, 11, 2017090718,   , VR-2,  30, 219N,  772W, 140,  924,   ,  64, NEQ,   60,   60,   30,   60, 1013,     ,  20,     ,    ,    ,    ,    ,275,  11,      IRMA  ,   6,    3, 1, 1, 1, 1,     18.7,   21.9,   10.6,   19.0,     2.0339
AL, 11, 2017090718,   , VR-2,  36, 220N,  783W, 140,  930,   ,  34, NEQ,  160,  160,  120,  170, 1013,     ,  15,     ,    ,    ,    ,    ,276,  10,      IRMA  ,   7,    3, 0, 0, 0, 0,     35.2,   43.0,   31.1,   38.8,     2.1929
AL, 11, 2017090718,   , VR-2,  36, 220N,  783W, 140,  930,   ,  50, NEQ,  100,   90,   50,   80, 1013,     ,  15,     ,    ,    ,    ,    ,276,  10,      IRMA  ,   7,    3, 0, 0, 0, 0,     28.2,   29.4,   15.7,   22.4,     2.1929
AL, 11, 2017090718,   , VR-2,  36, 220N,  783W, 140,  930,   ,  64, NEQ,   60,   60,   30,   60, 1013,     ,  15,     ,    ,    ,    ,    ,276,  10,      IRMA  ,   7,    3, 1, 1, 1, 1,     20.4,   23.4,   11.4,   20.7,     2.1929
AL, 11, 2017090718,   , VR-2,  42, 224N,  793W, 115,  941,   ,  34, NEQ,  160,  160,  120,  170, 1013,     ,  15,     ,    ,    ,    ,    ,293,  10,      IRMA  ,   8,    3, 0, 0, 0, 0,     27.5,   35.9,   27.2,   33.9,     1.6718
AL, 11, 2017090718,   , VR-2,  42, 224N,  793W, 115,  941,   ,  50, NEQ,  100,   90,   50,   80, 1013,     ,  15,     ,    ,    ,    ,    ,293,  10,      IRMA  ,   8,    3, 0, 0, 0, 0,     24.3,   26.4,   14.7,   20.6,     1.6718
AL, 11, 2017090718,   , VR-2,  42, 224N,  793W, 115,  941,   ,  64, NEQ,   60,   60,   30,   60, 1013,     ,  15,     ,    ,    ,    ,    ,293,  10,      IRMA  ,   8,    3, 1, 1, 1, 1,     18.8,   22.6,   11.5,   20.5,     1.6718
AL, 11, 2017090718,   , VR-2,  48, 227N,  802W, 110,  938,   ,  34, NEQ,  160,  160,  120,  170, 1013,     ,  15,     ,    ,    ,    ,    ,290,   9,      IRMA  ,   9,    3, 0, 0, 0, 0,     23.8,   31.4,   23.4,   29.0,     1.4751
AL, 11, 2017090718,   , VR-2,  48, 227N,  802W, 110,  938,   ,  50, NEQ,  100,   90,   50,   80, 1013,     ,  15,     ,    ,    ,    ,    ,290,   9,      IRMA  ,   9,    3, 0, 0, 0, 0,     21.9,   24.1,   13.2,   18.3,     1.4751
AL, 11, 2017090718,   , VR-2,  48, 227N,  802W, 110,  938,   ,  64, NEQ,   60,   60,   30,   60, 1013,     ,  15,     ,    ,    ,    ,    ,290,   9,      IRMA  ,   9,    3, 1, 1, 1, 1,     17.6,   21.4,   10.7,   19.0,     1.4751
AL, 11, 2017090718,   , VR-2,  54, 229N,  810W, 105,  932,   ,  34, NEQ,  170,  170,  120,  180, 1013,     ,  15,     ,    ,    ,    ,    ,285,   8,      IRMA  ,  10,    3, 0, 0, 0, 0,     20.5,   27.8,   18.5,   24.5,     1.2507
AL, 11, 2017090718,   , VR-2,  54, 229N,  810W, 105,  932,   ,  50, NEQ,  100,  100,   50,   80, 1013,     ,  15,     ,    ,    ,    ,    ,285,   8,      IRMA  ,  10,    3, 0, 0, 0, 0,     18.5,   23.7,   11.0,   15.1,     1.2507
AL, 11, 2017090718,   , VR-2,  54, 229N,  810W, 105,  932,   ,  64, NEQ,   60,   60,   30,   60, 1013,     ,  15,     ,    ,    ,    ,    ,285,   8,      IRMA  ,  10,    3, 1, 1, 1, 1,     15.7,   19.6,    9.6,   16.7,     1.2507
AL, 11, 2017090718,   , VR-2,  60, 232N,  814W, 115,  930,   ,  34, NEQ,  190,  170,  140,  190, 1013,     ,  10,     ,    ,    ,    ,    ,309,   5,      IRMA  ,  11,    3, 0, 0, 0, 0,     30.5,   30.5,   26.2,   34.5,     1.5160
AL, 11, 2017090718,   , VR-2,  60, 232N,  814W, 115,  930,   ,  50, NEQ,  110,  110,   70,  100, 1013,     ,  10,     ,    ,    ,    ,    ,309,   5,      IRMA  ,  11,    3, 0, 0, 0, 0,     24.3,   27.3,   17.5,   23.8,     1.5160
AL, 11, 2017090718,   , VR-2,  60, 232N,  814W, 115,  930,   ,  64, NEQ,   70,   50,   30,   50, 1013,     ,  10,     ,    ,    ,    ,    ,309,   5,      IRMA  ,  11,    3, 1, 1, 1, 1,     20.2,   15.4,    9.6,   15.2,     1.5160
AL, 11, 2017090718,   , VR-2,  66, 240N,  817W, 115,  931,   ,  34, NEQ,  190,  170,  140,  190, 1013,     ,  10,     ,    ,    ,    ,    ,341,   8,      IRMA  ,  12,    3, 0, 0, 0, 0,     29.3,   27.8,   27.2,   38.0,     1.4863
AL, 11, 2017090718,   , VR-2,  66, 240N,  817W, 115,  931,   ,  50, NEQ,  110,  110,   70,  100, 1013,     ,  10,     ,    ,    ,    ,    ,341,   8,      IRMA  ,  12,    3, 0, 0, 0, 0,     23.5,   25.5,   18.1,   25.9,     1.4863
AL, 11, 2017090718,   , VR-2,  66, 240N,  817W, 115,  931,   ,  64, NEQ,   70,   50,   30,   50, 1013,     ,  10,     ,    ,    ,    ,    ,341,   8,      IRMA  ,  12,    3, 1, 1, 1, 1,     19.8,   14.5,   10.0,   16.4,     1.4863
AL, 11, 2017090718,   , VR-2,  72, 251N,  820W, 100,  936,   ,  34, NEQ,  190,  170,  140,  190, 1013,     ,  15,     ,    ,    ,    ,    ,346,  11,      IRMA  ,  13,    3, 0, 0, 0, 0,     22.7,   21.7,   24.1,   34.7,     1.1489
AL, 11, 2017090718,   , VR-2,  72, 251N,  820W, 100,  936,   ,  50, NEQ,  100,  100,   70,  100, 1013,     ,  15,     ,    ,    ,    ,    ,346,  11,      IRMA  ,  13,    3, 0, 0, 0, 0,     17.9,   19.8,   17.6,   25.6,     1.1489
AL, 11, 2017090718,   , VR-2,  72, 251N,  820W, 100,  936,   ,  64, NEQ,   70,   60,   30,   50, 1013,     ,  15,     ,    ,    ,    ,    ,346,  11,      IRMA  ,  13,    3, 1, 1, 1, 1,     19.0,   17.2,   10.8,   17.7,     1.1489
AL, 11, 2017090718,   , VR-2,  78, 262N,  821W,  90,  942,   ,  34, NEQ,  360,  200,  150,  240, 1013,     ,  15,     ,    ,    ,    ,    ,355,  11,      IRMA  ,  14,    3, 0, 0, 0, 0,     70.8,   26.1,   26.6,   55.3,     1.0000
AL, 11, 2017090718,   , VR-2,  78, 262N,  821W,  90,  942,   ,  50, NEQ,  140,  140,   90,  120, 1013,     ,  15,     ,    ,    ,    ,    ,355,  11,      IRMA  ,  14,    3, 0, 0, 0, 0,     31.0,   32.3,   26.3,   38.2,     1.0000
AL, 11, 2017090718,   , VR-2,  78, 262N,  821W,  90,  942,   ,  64, NEQ,   70,   60,   30,   50, 1013,     ,  15,     ,    ,    ,    ,    ,355,  11,      IRMA  ,  14,    3, 1, 1, 1, 1,     22.2,   18.9,   12.8,   22.7,     1.0000
AL, 11, 2017090718,   , VR-2,  84, 276N,  828W,  75,  961,   ,  34, NEQ,  360,  230,  150,  240, 1013,     ,  20,     ,    ,    ,    ,    ,336,  15,      IRMA  ,  15,    3, 0, 0, 0, 0,    113.2,   67.2,   57.0,  105.5,     1.0000
AL, 11, 2017090718,   , VR-2,  84, 276N,  828W,  75,  961,   ,  50, NEQ,  140,  140,   90,  120, 1013,     ,  20,     ,    ,    ,    ,    ,336,  15,      IRMA  ,  15,    3, 0, 0, 0, 0,     51.8,   72.9,   38.3,   90.4,     1.0000
AL, 11, 2017090718,   , VR-2,  84, 276N,  828W,  75,  961,   ,  64, NEQ,   30,   30,   20,   50, 1013,     ,  20,     ,    ,    ,    ,    ,336,  15,      IRMA  ,  15,    3, 1, 1, 1, 1,     15.3,   15.3,    9.7,   28.5,     1.1049
AL, 11, 2017090718,   , VR-2,  90, 289N,  835W,  60,  970,   ,  34, NEQ,  360,  230,  150,  240, 1013,     ,  40,     ,    ,    ,    ,    ,335,  14,      IRMA  ,  16,    2, 0, 0, 0, 0,     38.5,   38.4,   49.4,   58.7,     1.0000
AL, 11, 2017090718,   , VR-2,  90, 289N,  835W,  60,  970,   ,  50, NEQ,  140,  140,   90,  120, 1013,     ,  40,     ,    ,    ,    ,    ,335,  14,      IRMA  ,  16,    2, 1, 1, 1, 1,     51.8,   51.8,   73.1,   44.4,     1.0000
AL, 11, 2017090718,   , VR-2,  96, 301N,  844W,  45,  980,   ,  34, NEQ,  360,  230,  150,  240, 1013,     ,  60,     ,    ,    ,    ,    ,327,  14,      IRMA  ,  17,    1, 1, 1, 1, 1,     99.7,   63.7,   41.6,   66.5,     1.0000
AL, 11, 2017090718,   , VR-2, 102, 309N,  855W,  40,  986,   ,  34, NEQ,  360,  300,    0,    0, 1013,     ,  60,     ,    ,    ,    ,    ,310,  12,      IRMA  ,  18,    1, 1, 1, 1, 1,    141.9,  118.3,   65.0,   65.0,     1.0000
