AL, 11, 2017090718,   , VR+7,   0, 207N,  704W, 150,  922,   ,  34, NEQ,  160,  120,   80,  150, 1013,     ,  15,     ,    ,    ,    ,    ,288,  13,      IRMA  ,   1,    3, 0, 0, 0, 0,     33.2,   29.7,   19.9,   33.6,     2.2798
AL, 11, 2017090718,   , VR+7,   0, 207N,  704W, 150,  922,   ,  50, NEQ,  100,   70,   50,   70, 1013,     ,  15,     ,    ,    ,    ,    ,288,  13,      IRMA  ,   1,    3, 0, 0, 0, 0,     26.8,   21.6,   15.8,   19.3,     2.2798
AL, 11, 2017090718,   , VR+7,   0, 207N,  704W, 150,  922,   ,  64, NEQ,   60,   40,   30,   50, 1013,     ,  15,     ,    ,    ,    ,    ,288,  13,      IRMA  ,   1,    3, 1, 1, 1, 1,     19.3,   14.6,   11.3,   16.8,     2.2798
AL, 11, 2017090718,   , VR+7,   6, 211N,  717W, 150,  919,   ,  34, NEQ,  160,  120,   80,  150, 1013,     ,  15,     ,    ,    ,    ,    ,288,  13,      IRMA  ,   2,    3, 0, 0, 0, 0,     31.7,   28.5,   19.0,   32.1,     2.2071
AL, 11, 2017090718,   , VR+7,   6, 211N,  717W, 150,  919,   ,  50, NEQ,  100,   70,   50,   80, 1013,     ,  15,     ,    ,    ,    ,    ,288,  13,      IRMA  ,   2,    3, 0, 0, 0, 0,     25.7,   20.8,   15.2,   21.4,     2.2071
AL, 11, 2017090718,   , VR+7,   6, 211N,  717W, 150,  919,   ,  64, NEQ,   60,   45,   30,   55, 1013,     ,  15,     ,    ,    ,    ,    ,288,  13,      IRMA  ,   2,    3, 1, 1, 1, 1,     18.7,   16.0,   11.0,   18.0,     2.2071
AL, 11, 2017090718,   , VR+7,  12, 216N,  731W, 140,  925,   ,  34, NEQ,  160,  120,   80,  150, 1013,     ,  30,     ,    ,    ,    ,    ,291,  14,      IRMA  ,   3,    3, 0, 0, 0, 0,     29.3,   27.2,   18.3,   30.6,     2.0252
AL, 11, 2017090718,   , VR+7,  12, 216N,  731W, 140,  925,   ,  50, NEQ,  100,   70,   50,   80, 1013,     ,  30,     ,    ,    ,    ,    ,291,  14,      IRMA  ,   3,    3, 0, 0, 0, 0,     24.5,   20.2,   15.0,   20.8,     2.0252
AL, 11, 2017090718,   , VR+7,  12, 216N,  731W, 140,  925,   ,  64, NEQ,   60,   45,   35,   55, 1013,     ,  30,     ,    ,    ,    ,    ,291,  14,      IRMA  ,   3,    3, 1, 1, 1, 1,     18.1,   15.9,   12.9,   17.7,     2.0252
AL, 11, 2017090718,   , VR+7,  18, 220N,  746W, 130,  927,   ,  34, NEQ,  160,  120,   80,  150, 1013,     ,  30,     ,    ,    ,    ,    ,286,  15,      IRMA  ,   4,    3, 0, 0, 0, 0,     25.4,   24.5,   16.3,   26.2,     1.7650
AL, 11, 2017090718,   , VR+7,  18, 220N,  746W, 130,  927,   ,  50, NEQ,  100,   90,   50,   80, 1013,     ,  30,     ,    ,    ,    ,    ,286,  15,      IRMA  ,   4,    3, 0, 0, 0, 0,     22.1,   25.1,   13.9,   18.5,     1.7650
AL, 11, 2017090718,   , VR+7,  18, 220N,  746W, 130,  927,   ,  64, NEQ,   60,   45,   35,   55, 1013,     ,  30,     ,    ,    ,    ,    ,286,  15,      IRMA  ,   4,    3, 1, 1, 1, 1,     16.9,   15.3,   12.4,   16.4,     1.7650
AL, 11, 2017090718,   , VR+7,  24, 224N,  758W, 135,  925,   ,  34, NEQ,  160,  120,   80,  150, 1013,     ,  30,     ,    ,    ,    ,    ,290,  12,      IRMA  ,   5,    3, 0, 0, 0, 0,     28.0,   25.5,   17.0,   28.8,     1.8982
AL, 11, 2017090718,   , VR+7,  24, 224N,  758W, 135,  925,   ,  50, NEQ,  100,   90,   50,   80, 1013,     ,  30,     ,    ,    ,    ,    ,290,  12,      IRMA  ,   5,    3, 0, 0, 0, 0,     23.6,   25.6,   14.2,   19.8,     1.8982
AL, 11, 2017090718,   , VR+7,  24, 224N,  758W, 135,  925,   ,  64, NEQ,   60,   60,   30,   60, 1013,     ,  30,     ,    ,    ,    ,    ,290,  12,      IRMA  ,   5,    3, 1, 1, 1, 1,     17.6,   20.9,   10.6,   18.9,     1.8982
AL, 11, 2017090718,   , VR+7,  30, 227N,  770W, 140,  924,   ,  34, NEQ,  160,  120,   80,  150, 1013,     ,  20,     ,    ,    ,    ,    ,285,  12,      IRMA  ,   6,    3, 0, 0, 0, 0,     30.6,   27.3,   17.9,   30.5,     2.0304
AL, 11, 2017090718,   , VR+7,  30, 227N,  770W, 140,  924,   ,  50, NEQ,  100,   90,   50,   80, 1013,     ,  20,     ,    ,    ,    ,    ,285,  12,      IRMA  ,   6,    3, 0, 0, 0, 0,     25.2,   26.8,   14.7,   20.7,     2.0304
AL, 11, 2017090718,   , VR+7,  30, 227N,  770W, 140,  924,   ,  64, NEQ,   60,   60,   30,   60, 1013,     ,  20,     ,    ,    ,    ,    ,285,  12,      IRMA  ,   6,    3, 1, 1, 1, 1,     18.4,   21.6,   10.8,   19.3,     2.0304
AL, 11, 2017090718,   , VR+7,  36, 230N,  781W, 140,  930,   ,  34, NEQ,  160,  160,  120,  170, 1013,     ,  15,     ,    ,    ,    ,    ,286,  11,      IRMA  ,   7,    3, 0, 0, 0, 0,     34.7,   42.6,   31.7,   40.2,     2.1887
AL, 11, 2017090718,   , VR+7,  36, 230N,  781W, 140,  930,   ,  50, NEQ,  100,   90,   50,   80, 1013,     ,  15,     ,    ,    ,    ,    ,286,  11,      IRMA  ,   7,    3, 0, 0, 0, 0,     27.9,   29.1,   15.9,   22.9,     2.1887
AL, 11, 2017090718,   , VR+7,  36, 230N,  781W, 140,  930,   ,  64, NEQ,   60,   60,   30,   60, 1013,     ,  15,     ,    ,    ,    ,    ,286,  11,      IRMA  ,   7,    3, 1, 1, 1, 1,     20.1,   23.1,   11.5,   21.0,     2.1887
AL, 11, 2017090718,   , VR+7,  42, 237N,  790W, 115,  941,   ,  34, NEQ,  160,  160,  120,  170, 1013,     ,  15,     ,    ,    ,    ,    ,310,  11,      IRMA  ,   8,    3, 0, 0, 0, 0,     27.0,   34.6,   28.0,   36.3,     1.6627
AL, 11, 2017090718,   , VR+7,  42, 237N,  790W, 115,  941,   ,  50, NEQ,  100,   90,   50,   80, 1013,     ,  15,     ,    ,    ,    ,    ,310,  11,      IRMA  ,   8,    3, 0, 0, 0, 0,     23.9,   25.6,   15.0,   21.7,     1.6627
AL, 11, 2017090718,   , VR+7,  42, 237N,  790W, 115,  941,   ,  64, NEQ,   60,   60,   30,   60, 1013,     ,  15,     ,    ,    ,    ,    ,310,  11,      IRMA  ,   8,    3, 1, 1, 1, 1,     18.6,   21.9,   11.7,   21.4,     1.6627
AL, 11, 2017090718,   , VR+7,  48, 243N,  797W, 110,  938,   ,  34, NEQ,  160,  160,  120,  170, 1013,     ,  15,     ,    ,    ,    ,    ,313,   9,      IRMA  ,   9,    3, 0, 0, 0, 0,     23.8,   29.9,   24.2,   32.1,     1.4759
AL, 11, 2017090718,   , VR+7,  48, 243N,  797W, 110,  938,   ,  50, NEQ,  100,   90,   50,   80, 1013,     ,  15,     ,    ,    ,    ,    ,313,   9,      IRMA  ,   9,    3, 0, 0, 0, 0,     21.8,   23.0,   13.4,   19.8,     1.4759
AL, 11, 2017090718,   , VR+7,  48, 243N,  797W, 110,  938,   ,  64, NEQ,   60,   60,   30,   60, 1013,     ,  15,     ,    ,    ,    ,    ,313,   9,      IRMA  ,   9,    3, 1, 1, 1, 1,     17.5,   20.5,   10.9,   20.3,     1.4759
AL, 11, 2017090718,   , VR+7,  54, 247N,  803W, 105,  932,   ,  34, NEQ,  170,  170,  120,  180, 1013,     ,  15,     ,    ,    ,    ,    ,306,   7,      IRMA  ,  10,    3, 0, 0, 0, 0,     21.1,   26.9,   19.2,   27.6,     1.2607
AL, 11, 2017090718,   , VR+7,  54, 247N,  803W, 105,  932,   ,  50, NEQ,  100,  100,   50,   80, 1013,     ,  15,     ,    ,    ,    ,    ,306,   7,      IRMA  ,  10,    3, 0, 0, 0, 0,     18.8,   22.8,   11.3,   16.5,     1.2607
AL, 11, 2017090718,   , VR+7,  54, 247N,  803W, 105,  932,   ,  64, NEQ,   60,   60,   30,   60, 1013,     ,  15,     ,    ,    ,    ,    ,306,   7,      IRMA  ,  10,    3, 1, 1, 1, 1,     15.8,   18.8,    9.7,   18.0,     1.2607
AL, 11, 2017090718,   , VR+7,  60, 251N,  806W, 115,  930,   ,  34, NEQ,  190,  170,  140,  190, 1013,     ,  10,     ,    ,    ,    ,    ,326,   5,      IRMA  ,  11,    3, 0, 0, 0, 0,     31.3,   30.1,   26.7,   36.7,     1.5147
AL, 11, 2017090718,   , VR+7,  60, 251N,  806W, 115,  930,   ,  50, NEQ,  110,  110,   70,  100, 1013,     ,  10,     ,    ,    ,    ,    ,326,   5,      IRMA  ,  11,    3, 0, 0, 0, 0,     24.7,   27.0,   17.7,   24.9,     1.5147
AL, 11, 2017090718,   , VR+7,  60, 251N,  806W, 115,  930,   ,  64, NEQ,   70,   50,   30,   50, 1013,     ,  10,     ,    ,    ,    ,    ,326,   5,      IRMA  ,  11,    3, 1, 1, 1, 1,     20.5,   15.1,    9.7,   15.7,     1.5147
AL, 11, 2017090718,   , VR+7,  66, 260N,  805W, 115,  931,   ,  34, NEQ,  190,  170,  140,  190, 1013,     ,  10,     ,    ,    ,    ,    ,  6,   9,      IRMA  ,  12,    3, 0, 0, 0, 0,     31.8,   26.3,   26.7,   41.3,     1.4795
AL, 11, 2017090718,   , VR+7,  66, 260N,  805W, 115,  931,   ,  50, NEQ,  110,  110,   70,  100, 1013,     ,  10,     ,    ,    ,    ,    ,  6,   9,      IRMA  ,  12,    3, 0, 0, 0, 0,     24.9,   24.3,   17.7,   27.6,     1.4795
AL, 11, 2017090718,   , VR+7,  66, 260N,  805W, 115,  931,   ,  64, NEQ,   70,   50,   30,   50, 1013,     ,  10,     ,    ,    ,    ,    ,  6,   9,      IRMA  ,  12,    3, 1, 1, 1, 1,     20.7,   13.8,    9.7,   17.3,     1.4795
AL, 11, 2017090718,   , VR+7,  72, 271N,  803W, 100,  936,   ,  34, NEQ,  190,  170,  140,  190, 1013,     ,  15,     ,    ,    ,    ,    ,  9,  11,      IRMA  ,  13,    3, 0, 0, 0, 0,     26.2,   20.3,   23.3,   38.6,     1.1507
AL, 11, 2017090718,   , VR+7,  72, 271N,  803W, 100,  936,   ,  50, NEQ,  100,  100,   70,  100, 1013,     ,  15,     ,    ,    ,    ,    ,  9,  11,      IRMA  ,  13,    3, 0, 0, 0, 0,     19.9,   18.6,   16.8,   27.8,     1.1507
AL, 11, 2017090718,   , VR+7,  72, 271N,  803W, 100,  936,   ,  64, NEQ,   70,   60,   30,   50, 1013,     ,  15,     ,    ,    ,    ,    ,  9,  11,      IRMA  ,  13,    3, 1, 1, 1, 1,     20.7,   16.2,   10.2,   19.1,     1.1507
AL, 11, 2017090718,   , VR+7,  78, 282N,  799W,  90,  942,   ,  34, NEQ,  360,  200,  150,  240, 1013,     ,  15,     ,    ,    ,    ,    , 18,  12,      IRMA  ,  14,    3, 0, 0, 0, 0,     85.8,   24.5,   25.5,   63.3,     1.0000
AL, 11, 2017090718,   , VR+7,  78, 282N,  799W,  90,  942,   ,  50, NEQ,  140,  140,   90,  120, 1013,     ,  15,     ,    ,    ,    ,    , 18,  12,      IRMA  ,  14,    3, 0, 0, 0, 0,     35.8,   30.7,   25.1,   42.9,     1.0000
AL, 11, 2017090718,   , VR+7,  78, 282N,  799W,  90,  942,   ,  64, NEQ,   70,   60,   30,   50, 1013,     ,  15,     ,    ,    ,    ,    , 18,  12,      IRMA  ,  14,    3, 1, 1, 1, 1,     25.1,   17.8,   12.0,   25.5,     1.0000
AL, 11, 2017090718,   , VR+7,  84, 297N,  797W,  75,  961,   ,  34, NEQ,  360,  230,  150,  240, 1013,     ,  20,     ,    ,    ,    ,    ,  7,  15,      IRMA  ,  15,    3, 0, 0, 0, 0,    153.6,   55.4,   52.1,  142.3,     1.0000
AL, 11, 2017090718,   , VR+7,  84, 297N,  797W,  75,  961,   ,  50, NEQ,  140,  140,   90,  120, 1013,     ,  20,     ,    ,    ,    ,    ,  7,  15,      IRMA  ,  15,    3, 0, 0, 0, 0,     65.4,   59.3,   65.7,   47.5,     1.0000
AL, 11, 2017090718,   , VR+7,  84, 297N,  797W,  75,  961,   ,  64, NEQ,   30,   30,   20,   50, 1013,     ,  20,     ,    ,    ,    ,    ,  7,  15,      IRMA  ,  15,    3, 1, 1, 1, 1,     15.5,   15.5,    9.7,   29.0,     1.1049
AL, 11, 2017090718,   , VR+7,  90, 311N,  796W,  60,  970,   ,  34, NEQ,  360,  230,  150,  240, 1013,     ,  40,     ,    ,    ,    ,    ,  4,  14,      IRMA  ,  16,    2, 0, 0, 0, 0,     48.1,  136.7,   42.6,   71.0,     1.0000
AL, 11, 2017090718,   , VR+7,  90, 311N,  796W,  60,  970,   ,  50, NEQ,  140,  140,   90,  120, 1013,     ,  40,     ,    ,    ,    ,    ,  4,  14,      IRMA  ,  16,    2, 1, 1, 1, 1,     51.8,   51.8,   33.3,   44.4,     1.0000
AL, 11, 2017090718,   , VR+7,  96, 327N,  797W,  45,  980,   ,  34, NEQ,  360,  230,  150,  240, 1013,     ,  60,     ,    ,    ,    ,    ,357,  16,      IRMA  ,  17,    1, 1, 1, 1, 1,     99.7,   63.7,   41.6,   66.5,     1.0000
AL, 11, 2017090718,   , VR+7, 102, 340N,  799W,  40,  986,   ,  34, NEQ,  360,  300,    0,    0, 1013,     ,  60,     ,    ,    ,    ,    ,353,  13,      IRMA  ,  18,    1, 1, 1, 1, 1,    141.9,  118.3,   65.0,   65.0,     1.0000
