AL, 11, 2017090718,   , VR-5,   0, 207N,  704W, 150,  922,   ,  34, NEQ,  160,  120,   80,  150, 1013,     ,  15,     ,    ,    ,    ,    ,283,  13,      IRMA  ,   1,    3, 0, 0, 0, 0,     33.3,   30.1,   19.8,   33.0,     2.2724
AL, 11, 2017090718,   , VR-5,   0, 207N,  704W, 150,  922,   ,  50, NEQ,  100,   70,   50,   70, 1013,     ,  15,     ,    ,    ,    ,    ,283,  13,      IRMA  ,   1,    3, 0, 0, 0, 0,     26.8,   21.8,   15.7,   19.0,     2.2724
AL, 11, 2017090718,   , VR-5,   0, 207N,  704W, 150,  922,   ,  64, NEQ,   60,   40,   30,   50, 1013,     ,  15,     ,    ,    ,    ,    ,283,  13,      IRMA  ,   1,    3, 1, 1, 1, 1,     19.4,   14.7,   11.3,   16.6,     2.2724
AL, 11, 2017090718,   , VR-5,   6, 210N,  718W, 150,  919,   ,  34, NEQ,  160,  120,   80,  150, 1013,     ,  15,     ,    ,    ,    ,    ,283,  13,      IRMA  ,   2,    3, 0, 0, 0, 0,     31.7,   28.8,   18.9,   31.5,     2.1999
AL, 11, 2017090718,   , VR-5,   6, 210N,  718W, 150,  919,   ,  50, NEQ,  100,   70,   50,   80, 1013,     ,  15,     ,    ,    ,    ,    ,283,  13,      IRMA  ,   2,    3, 0, 0, 0, 0,     25.8,   21.0,   15.1,   21.1,     2.1999
AL, 11, 2017090718,   , VR-5,   6, 210N,  718W, 150,  919,   ,  64, NEQ,   60,   45,   30,   55, 1013,     ,  15,     ,    ,    ,    ,    ,283,  13,      IRMA  ,   2,    3, 1, 1, 1, 1,     18.7,   16.2,   10.9,   17.7,     2.1999
AL, 11, 2017090718,   , VR-5,  12, 214N,  732W, 140,  925,   ,  34, NEQ,  160,  120,   80,  150, 1013,     ,  30,     ,    ,    ,    ,    ,287,  14,      IRMA  ,   3,    3, 0, 0, 0, 0,     29.6,   27.4,   18.2,   30.2,     2.0286
AL, 11, 2017090718,   , VR-5,  12, 214N,  732W, 140,  925,   ,  50, NEQ,  100,   70,   50,   80, 1013,     ,  30,     ,    ,    ,    ,    ,287,  14,      IRMA  ,   3,    3, 0, 0, 0, 0,     24.7,   20.4,   14.9,   20.6,     2.0286
AL, 11, 2017090718,   , VR-5,  12, 214N,  732W, 140,  925,   ,  64, NEQ,   60,   45,   35,   55, 1013,     ,  30,     ,    ,    ,    ,    ,287,  14,      IRMA  ,   3,    3, 1, 1, 1, 1,     18.2,   16.0,   12.9,   17.6,     2.0286
AL, 11, 2017090718,   , VR-5,  18, 216N,  747W, 130,  927,   ,  34, NEQ,  160,  120,   80,  150, 1013,     ,  30,     ,    ,    ,    ,    ,278,  14,      IRMA  ,   4,    3, 0, 0, 0, 0,     26.0,   24.9,   16.0,   25.4,     1.7690
AL, 11, 2017090718,   , VR-5,  18, 216N,  747W, 130,  927,   ,  50, NEQ,  100,   90,   50,   80, 1013,     ,  30,     ,    ,    ,    ,    ,278,  14,      IRMA  ,   4,    3, 0, 0, 0, 0,     22.5,   25.5,   13.7,   18.1,     1.7690
AL, 11, 2017090718,   , VR-5,  18, 216N,  747W, 130,  927,   ,  64, NEQ,   60,   45,   35,   55, 1013,     ,  30,     ,    ,    ,    ,    ,278,  14,      IRMA  ,   4,    3, 1, 1, 1, 1,     17.1,   15.6,   12.2,   16.1,     1.7690
AL, 11, 2017090718,   , VR-5,  24, 216N,  760W, 135,  925,   ,  34, NEQ,  160,  120,   80,  150, 1013,     ,  30,     ,    ,    ,    ,    ,270,  12,      IRMA  ,   5,    3, 0, 0, 0, 0,     29.0,   26.4,   16.4,   26.7,     1.8951
AL, 11, 2017090718,   , VR-5,  24, 216N,  760W, 135,  925,   ,  50, NEQ,  100,   90,   50,   80, 1013,     ,  30,     ,    ,    ,    ,    ,270,  12,      IRMA  ,   5,    3, 0, 0, 0, 0,     24.2,   26.4,   13.8,   18.8,     1.8951
AL, 11, 2017090718,   , VR-5,  24, 216N,  760W, 135,  925,   ,  64, NEQ,   60,   60,   30,   60, 1013,     ,  30,     ,    ,    ,    ,    ,270,  12,      IRMA  ,   5,    3, 1, 1, 1, 1,     18.1,   21.6,   10.3,   18.1,     1.8951
AL, 11, 2017090718,   , VR-5,  30, 216N,  772W, 140,  924,   ,  34, NEQ,  160,  120,   80,  150, 1013,     ,  20,     ,    ,    ,    ,    ,270,  11,      IRMA  ,   6,    3, 0, 0, 0, 0,     31.4,   27.9,   17.4,   29.0,     2.0342
AL, 11, 2017090718,   , VR-5,  30, 216N,  772W, 140,  924,   ,  50, NEQ,  100,   90,   50,   80, 1013,     ,  20,     ,    ,    ,    ,    ,270,  11,      IRMA  ,   6,    3, 0, 0, 0, 0,     25.7,   27.3,   14.3,   20.0,     2.0342
AL, 11, 2017090718,   , VR-5,  30, 216N,  772W, 140,  924,   ,  64, NEQ,   60,   60,   30,   60, 1013,     ,  20,     ,    ,    ,    ,    ,270,  11,      IRMA  ,   6,    3, 1, 1, 1, 1,     18.8,   22.0,   10.6,   18.8,     2.0342
AL, 11, 2017090718,   , VR-5,  36, 217N,  783W, 140,  930,   ,  34, NEQ,  160,  160,  120,  170, 1013,     ,  15,     ,    ,    ,    ,    ,276,  10,      IRMA  ,   7,    3, 0, 0, 0, 0,     35.1,   42.9,   31.0,   38.7,     2.1926
AL, 11, 2017090718,   , VR-5,  36, 217N,  783W, 140,  930,   ,  50, NEQ,  100,   90,   50,   80, 1013,     ,  15,     ,    ,    ,    ,    ,276,  10,      IRMA  ,   7,    3, 0, 0, 0, 0,     28.2,   29.4,   15.7,   22.3,     2.1926
AL, 11, 2017090718,   , VR-5,  36, 217N,  783W, 140,  930,   ,  64, NEQ,   60,   60,   30,   60, 1013,     ,  15,     ,    ,    ,    ,    ,276,  10,      IRMA  ,   7,    3, 1, 1, 1, 1,     20.3,   23.3,   11.4,   20.6,     2.1926
AL, 11, 2017090718,   , VR-5,  42, 219N,  794W, 115,  941,   ,  34, NEQ,  160,  160,  120,  170, 1013,     ,  15,     ,    ,    ,    ,    ,281,  10,      IRMA  ,   8,    3, 0, 0, 0, 0,     27.9,   36.7,   26.7,   32.2,     1.6679
AL, 11, 2017090718,   , VR-5,  42, 219N,  794W, 115,  941,   ,  50, NEQ,  100,   90,   50,   80, 1013,     ,  15,     ,    ,    ,    ,    ,281,  10,      IRMA  ,   8,    3, 0, 0, 0, 0,     24.5,   27.1,   14.5,   19.8,     1.6679
AL, 11, 2017090718,   , VR-5,  42, 219N,  794W, 115,  941,   ,  64, NEQ,   60,   60,   30,   60, 1013,     ,  15,     ,    ,    ,    ,    ,281,  10,      IRMA  ,   8,    3, 1, 1, 1, 1,     19.0,   23.2,   11.4,   19.8,     1.6679
AL, 11, 2017090718,   , VR-5,  48, 221N,  803W, 110,  938,   ,  34, NEQ,  160,  160,  120,  170, 1013,     ,  15,     ,    ,    ,    ,    ,283,   9,      IRMA  ,   9,    3, 0, 0, 0, 0,     24.0,   31.7,   23.1,   28.2,     1.4781
AL, 11, 2017090718,   , VR-5,  48, 221N,  803W, 110,  938,   ,  50, NEQ,  100,   90,   50,   80, 1013,     ,  15,     ,    ,    ,    ,    ,283,   9,      IRMA  ,   9,    3, 0, 0, 0, 0,     22.1,   24.3,   13.0,   17.9,     1.4781
AL, 11, 2017090718,   , VR-5,  48, 221N,  803W, 110,  938,   ,  64, NEQ,   60,   60,   30,   60, 1013,     ,  15,     ,    ,    ,    ,    ,283,   9,      IRMA  ,   9,    3, 1, 1, 1, 1,     17.7,   21.6,   10.6,   18.7,     1.4781
AL, 11, 2017090718,   , VR-5,  54, 223N,  811W, 105,  932,   ,  34, NEQ,  170,  170,  120,  180, 1013,     ,  15,     ,    ,    ,    ,    ,285,   8,      IRMA  ,  10,    3, 0, 0, 0, 0,     20.3,   27.5,   18.3,   24.2,     1.2504
AL, 11, 2017090718,   , VR-5,  54, 223N,  811W, 105,  932,   ,  50, NEQ,  100,  100,   50,   80, 1013,     ,  15,     ,    ,    ,    ,    ,285,   8,      IRMA  ,  10,    3, 0, 0, 0, 0,     18.4,   23.5,   11.0,   15.0,     1.2504
AL, 11, 2017090718,   , VR-5,  54, 223N,  811W, 105,  932,   ,  64, NEQ,   60,   60,   30,   60, 1013,     ,  15,     ,    ,    ,    ,    ,285,   8,      IRMA  ,  10,    3, 1, 1, 1, 1,     15.6,   19.6,    9.6,   16.7,     1.2504
AL, 11, 2017090718,   , VR-5,  60, 225N,  815W, 115,  930,   ,  34, NEQ,  190,  170,  140,  190, 1013,     ,  10,     ,    ,    ,    ,    ,298,   4,      IRMA  ,  11,    3, 0, 0, 0, 0,     30.8,   30.9,   25.7,   33.6,     1.5241
AL, 11, 2017090718,   , VR-5,  60, 225N,  815W, 115,  930,   ,  50, NEQ,  110,  110,   70,  100, 1013,     ,  10,     ,    ,    ,    ,    ,298,   4,      IRMA  ,  11,    3, 0, 0, 0, 0,     24.5,   27.7,   17.3,   23.4,     1.5241
AL, 11, 2017090718,   , VR-5,  60, 225N,  815W, 115,  930,   ,  64, NEQ,   70,   50,   30,   50, 1013,     ,  10,     ,    ,    ,    ,    ,298,   4,      IRMA  ,  11,    3, 1, 1, 1, 1,     20.4,   15.6,    9.5,   14.9,     1.5241
AL, 11, 2017090718,   , VR-5,  66, 232N,  819W, 115,  931,   ,  34, NEQ,  190,  170,  140,  190, 1013,     ,  10,     ,    ,    ,    ,    ,332,   8,      IRMA  ,  12,    3, 0, 0, 0, 0,     28.9,   28.5,   27.1,   36.7,     1.4927
AL, 11, 2017090718,   , VR-5,  66, 232N,  819W, 115,  931,   ,  50, NEQ,  110,  110,   70,  100, 1013,     ,  10,     ,    ,    ,    ,    ,332,   8,      IRMA  ,  12,    3, 0, 0, 0, 0,     23.4,   26.0,   18.1,   25.2,     1.4927
AL, 11, 2017090718,   , VR-5,  66, 232N,  819W, 115,  931,   ,  64, NEQ,   70,   50,   30,   50, 1013,     ,  10,     ,    ,    ,    ,    ,332,   8,      IRMA  ,  12,    3, 1, 1, 1, 1,     19.7,   14.8,   10.0,   16.0,     1.4927
AL, 11, 2017090718,   , VR-5,  72, 243N,  824W, 100,  936,   ,  34, NEQ,  190,  170,  140,  190, 1013,     ,  15,     ,    ,    ,    ,    ,337,  12,      IRMA  ,  13,    3, 0, 0, 0, 0,     21.4,   22.3,   24.3,   33.1,     1.1435
AL, 11, 2017090718,   , VR-5,  72, 243N,  824W, 100,  936,   ,  50, NEQ,  100,  100,   70,  100, 1013,     ,  15,     ,    ,    ,    ,    ,337,  12,      IRMA  ,  13,    3, 0, 0, 0, 0,     17.2,   20.2,   17.9,   24.6,     1.1435
AL, 11, 2017090718,   , VR-5,  72, 243N,  824W, 100,  936,   ,  64, NEQ,   70,   60,   30,   50, 1013,     ,  15,     ,    ,    ,    ,    ,337,  12,      IRMA  ,  13,    3, 1, 1, 1, 1,     18.3,   17.6,   11.0,   17.2,     1.1435
AL, 11, 2017090718,   , VR-5,  78, 254N,  827W,  90,  942,   ,  34, NEQ,  360,  200,  150,  240, 1013,     ,  15,     ,    ,    ,    ,    ,346,  11,      IRMA  ,  14,    3, 0, 0, 0, 0,     66.1,   27.1,   27.1,   52.5,     1.0000
AL, 11, 2017090718,   , VR-5,  78, 254N,  827W,  90,  942,   ,  50, NEQ,  140,  140,   90,  120, 1013,     ,  15,     ,    ,    ,    ,    ,346,  11,      IRMA  ,  14,    3, 0, 0, 0, 0,     29.6,   33.3,   27.0,   36.6,     1.0000
AL, 11, 2017090718,   , VR-5,  78, 254N,  827W,  90,  942,   ,  64, NEQ,   70,   60,   30,   50, 1013,     ,  15,     ,    ,    ,    ,    ,346,  11,      IRMA  ,  14,    3, 1, 1, 1, 1,     21.3,   19.6,   13.3,   21.8,     1.0000
AL, 11, 2017090718,   , VR-5,  84, 266N,  836W,  75,  961,   ,  34, NEQ,  360,  230,  150,  240, 1013,     ,  20,     ,    ,    ,    ,    ,326,  14,      IRMA  ,  15,    3, 0, 0, 0, 0,    106.0,   70.4,   55.0,   91.8,     1.0000
AL, 11, 2017090718,   , VR-5,  84, 266N,  836W,  75,  961,   ,  50, NEQ,  140,  140,   90,  120, 1013,     ,  20,     ,    ,    ,    ,    ,326,  14,      IRMA  ,  15,    3, 0, 0, 0, 0,     49.4,   77.1,   37.8,   73.7,     1.0000
AL, 11, 2017090718,   , VR-5,  84, 266N,  836W,  75,  961,   ,  64, NEQ,   30,   30,   20,   50, 1013,     ,  20,     ,    ,    ,    ,    ,326,  14,      IRMA  ,  15,    3, 1, 1, 1, 1,     15.2,   15.2,    9.6,   28.2,     1.1049
AL, 11, 2017090718,   , VR-5,  90, 278N,  845W,  60,  970,   ,  34, NEQ,  360,  230,  150,  240, 1013,     ,  40,     ,    ,    ,    ,    ,326,  14,      IRMA  ,  16,    2, 0, 0, 0, 0,     37.2,   41.9,   50.4,   54.6,     1.0000
AL, 11, 2017090718,   , VR-5,  90, 278N,  845W,  60,  970,   ,  50, NEQ,  140,  140,   90,  120, 1013,     ,  40,     ,    ,    ,    ,    ,326,  14,      IRMA  ,  16,    2, 1, 1, 1, 1,     51.8,   51.8,   69.6,   44.4,     1.0000
AL, 11, 2017090718,   , VR-5,  96, 287N,  857W,  45,  980,   ,  34, NEQ,  360,  230,  150,  240, 1013,     ,  60,     ,    ,    ,    ,    ,310,  14,      IRMA  ,  17,    1, 1, 1, 1, 1,     99.7,   63.7,   41.6,   66.5,     1.0000
AL, 11, 2017090718,   , VR-5, 102, 293N,  869W,  40,  986,   ,  34, NEQ,  360,  300,    0,    0, 1013,     ,  60,     ,    ,    ,    ,    ,300,  12,      IRMA  ,  18,    1, 1, 1, 1, 1,    141.9,  118.3,   65.0,   65.0,     1.0000
