AL, 11, 2017090718,   , VR-1,   0, 207N,  704W, 150,  922,   ,  34, NEQ,  160,  120,   80,  150, 1013,     ,  15,     ,    ,    ,    ,    ,283,  13,      IRMA  ,   1,    3, 0, 0, 0, 0,     33.3,   30.1,   19.8,   33.0,     2.2724
AL, 11, 2017090718,   , VR-1,   0, 207N,  704W, 150,  922,   ,  50, NEQ,  100,   70,   50,   70, 1013,     ,  15,     ,    ,    ,    ,    ,283,  13,      IRMA  ,   1,    3, 0, 0, 0, 0,     26.8,   21.8,   15.7,   19.0,     2.2724
AL, 11, 2017090718,   , VR-1,   0, 207N,  704W, 150,  922,   ,  64, NEQ,   60,   40,   30,   50, 1013,     ,  15,     ,    ,    ,    ,    ,283,  13,      IRMA  ,   1,    3, 1, 1, 1, 1,     19.4,   14.7,   11.3,   16.6,     2.2724
AL, 11, 2017090718,   , VR-1,   6, 210N,  718W, 150,  919,   ,  34, NEQ,  160,  120,   80,  150, 1013,     ,  15,     ,    ,    ,    ,    ,283,  13,      IRMA  ,   2,    3, 0, 0, 0, 0,     31.7,   28.8,   18.9,   31.5,     2.1999
AL, 11, 2017090718,   , VR-1,   6, 210N,  718W, 150,  919,   ,  50, NEQ,  100,   70,   50,   80, 1013,     ,  15,     ,    ,    ,    ,    ,283,  13,      IRMA  ,   2,    3, 0, 0, 0, 0,     25.8,   21.0,   15.1,   21.1,     2.1999
AL, 11, 2017090718,   , VR-1,   6, 210N,  718W, 150,  919,   ,  64, NEQ,   60,   45,   30,   55, 1013,     ,  15,     ,    ,    ,    ,    ,283,  13,      IRMA  ,   2,    3, 1, 1, 1, 1,     18.7,   16.2,   10.9,   17.7,     2.1999
AL, 11, 2017090718,   , VR-1,  12, 214N,  732W, 140,  925,   ,  34, NEQ,  160,  120,   80,  150, 1013,     ,  30,     ,    ,    ,    ,    ,287,  14,      IRMA  ,   3,    3, 0, 0, 0, 0,     29.6,   27.4,   18.2,   30.2,     2.0286
AL, 11, 2017090718,   , VR-1,  12, 214N,  732W, 140,  925,   ,  50, NEQ,  100,   70,   50,   80, 1013,     ,  30,     ,    ,    ,    ,    ,287,  14,      IRMA  ,   3,    3, 0, 0, 0, 0,     24.7,   20.4,   14.9,   20.6,     2.0286
AL, 11, 2017090718,   , VR-1,  12, 214N,  732W, 140,  925,   ,  64, NEQ,   60,   45,   35,   55, 1013,     ,  30,     ,    ,    ,    ,    ,287,  14,      IRMA  ,   3,    3, 1, 1, 1, 1,     18.2,   16.0,   12.9,   17.6,     2.0286
AL, 11, 2017090718,   , VR-1,  18, 217N,  747W, 130,  927,   ,  34, NEQ,  160,  120,   80,  150, 1013,     ,  30,     ,    ,    ,    ,    ,282,  14,      IRMA  ,   4,    3, 0, 0, 0, 0,     25.7,   24.7,   16.1,   25.8,     1.7673
AL, 11, 2017090718,   , VR-1,  18, 217N,  747W, 130,  927,   ,  50, NEQ,  100,   90,   50,   80, 1013,     ,  30,     ,    ,    ,    ,    ,282,  14,      IRMA  ,   4,    3, 0, 0, 0, 0,     22.3,   25.3,   13.8,   18.3,     1.7673
AL, 11, 2017090718,   , VR-1,  18, 217N,  747W, 130,  927,   ,  64, NEQ,   60,   45,   35,   55, 1013,     ,  30,     ,    ,    ,    ,    ,282,  14,      IRMA  ,   4,    3, 1, 1, 1, 1,     17.0,   15.4,   12.3,   16.3,     1.7673
AL, 11, 2017090718,   , VR-1,  24, 219N,  760W, 135,  925,   ,  34, NEQ,  160,  120,   80,  150, 1013,     ,  30,     ,    ,    ,    ,    ,279,  12,      IRMA  ,   5,    3, 0, 0, 0, 0,     28.3,   26.0,   16.7,   27.6,     1.8935
AL, 11, 2017090718,   , VR-1,  24, 219N,  760W, 135,  925,   ,  50, NEQ,  100,   90,   50,   80, 1013,     ,  30,     ,    ,    ,    ,    ,279,  12,      IRMA  ,   5,    3, 0, 0, 0, 0,     23.8,   26.0,   14.0,   19.2,     1.8935
AL, 11, 2017090718,   , VR-1,  24, 219N,  760W, 135,  925,   ,  64, NEQ,   60,   60,   30,   60, 1013,     ,  30,     ,    ,    ,    ,    ,279,  12,      IRMA  ,   5,    3, 1, 1, 1, 1,     17.8,   21.3,   10.5,   18.4,     1.8935
AL, 11, 2017090718,   , VR-1,  30, 220N,  772W, 140,  924,   ,  34, NEQ,  160,  120,   80,  150, 1013,     ,  20,     ,    ,    ,    ,    ,275,  11,      IRMA  ,   6,    3, 0, 0, 0, 0,     31.2,   27.7,   17.6,   29.5,     2.0340
AL, 11, 2017090718,   , VR-1,  30, 220N,  772W, 140,  924,   ,  50, NEQ,  100,   90,   50,   80, 1013,     ,  20,     ,    ,    ,    ,    ,275,  11,      IRMA  ,   6,    3, 0, 0, 0, 0,     25.5,   27.2,   14.5,   20.2,     2.0340
AL, 11, 2017090718,   , VR-1,  30, 220N,  772W, 140,  924,   ,  64, NEQ,   60,   60,   30,   60, 1013,     ,  20,     ,    ,    ,    ,    ,275,  11,      IRMA  ,   6,    3, 1, 1, 1, 1,     18.7,   21.9,   10.6,   19.0,     2.0340
AL, 11, 2017090718,   , VR-1,  36, 221N,  783W, 140,  930,   ,  34, NEQ,  160,  160,  120,  170, 1013,     ,  15,     ,    ,    ,    ,    ,276,  10,      IRMA  ,   7,    3, 0, 0, 0, 0,     35.2,   43.0,   31.1,   38.9,     2.1930
AL, 11, 2017090718,   , VR-1,  36, 221N,  783W, 140,  930,   ,  50, NEQ,  100,   90,   50,   80, 1013,     ,  15,     ,    ,    ,    ,    ,276,  10,      IRMA  ,   7,    3, 0, 0, 0, 0,     28.2,   29.4,   15.7,   22.4,     2.1930
AL, 11, 2017090718,   , VR-1,  36, 221N,  783W, 140,  930,   ,  64, NEQ,   60,   60,   30,   60, 1013,     ,  15,     ,    ,    ,    ,    ,276,  10,      IRMA  ,   7,    3, 1, 1, 1, 1,     20.4,   23.4,   11.4,   20.7,     2.1930
AL, 11, 2017090718,   , VR-1,  42, 225N,  793W, 115,  941,   ,  34, NEQ,  160,  160,  120,  170, 1013,     ,  15,     ,    ,    ,    ,    ,293,  10,      IRMA  ,   8,    3, 0, 0, 0, 0,     27.5,   35.9,   27.3,   33.9,     1.6719
AL, 11, 2017090718,   , VR-1,  42, 225N,  793W, 115,  941,   ,  50, NEQ,  100,   90,   50,   80, 1013,     ,  15,     ,    ,    ,    ,    ,293,  10,      IRMA  ,   8,    3, 0, 0, 0, 0,     24.3,   26.5,   14.7,   20.6,     1.6719
AL, 11, 2017090718,   , VR-1,  42, 225N,  793W, 115,  941,   ,  64, NEQ,   60,   60,   30,   60, 1013,     ,  15,     ,    ,    ,    ,    ,293,  10,      IRMA  ,   8,    3, 1, 1, 1, 1,     18.8,   22.6,   11.5,   20.5,     1.6719
AL, 11, 2017090718,   , VR-1,  48, 229N,  802W, 110,  938,   ,  34, NEQ,  160,  160,  120,  170, 1013,     ,  15,     ,    ,    ,    ,    ,296,   9,      IRMA  ,   9,    3, 0, 0, 0, 0,     23.4,   31.0,   23.7,   29.5,     1.4706
AL, 11, 2017090718,   , VR-1,  48, 229N,  802W, 110,  938,   ,  50, NEQ,  100,   90,   50,   80, 1013,     ,  15,     ,    ,    ,    ,    ,296,   9,      IRMA  ,   9,    3, 0, 0, 0, 0,     21.6,   23.8,   13.3,   18.6,     1.4706
AL, 11, 2017090718,   , VR-1,  48, 229N,  802W, 110,  938,   ,  64, NEQ,   60,   60,   30,   60, 1013,     ,  15,     ,    ,    ,    ,    ,296,   9,      IRMA  ,   9,    3, 1, 1, 1, 1,     17.4,   21.2,   10.8,   19.2,     1.4706
AL, 11, 2017090718,   , VR-1,  54, 231N,  809W, 105,  932,   ,  34, NEQ,  170,  170,  120,  180, 1013,     ,  15,     ,    ,    ,    ,    ,287,   7,      IRMA  ,  10,    3, 0, 0, 0, 0,     21.0,   27.7,   18.5,   25.1,     1.2610
AL, 11, 2017090718,   , VR-1,  54, 231N,  809W, 105,  932,   ,  50, NEQ,  100,  100,   50,   80, 1013,     ,  15,     ,    ,    ,    ,    ,287,   7,      IRMA  ,  10,    3, 0, 0, 0, 0,     18.8,   23.5,   11.0,   15.4,     1.2610
AL, 11, 2017090718,   , VR-1,  54, 231N,  809W, 105,  932,   ,  64, NEQ,   60,   60,   30,   60, 1013,     ,  15,     ,    ,    ,    ,    ,287,   7,      IRMA  ,  10,    3, 1, 1, 1, 1,     15.9,   19.5,    9.5,   17.0,     1.2610
AL, 11, 2017090718,   , VR-1,  60, 234N,  813W, 115,  930,   ,  34, NEQ,  190,  170,  140,  190, 1013,     ,  10,     ,    ,    ,    ,    ,309,   5,      IRMA  ,  11,    3, 0, 0, 0, 0,     30.6,   30.5,   26.2,   34.6,     1.5161
AL, 11, 2017090718,   , VR-1,  60, 234N,  813W, 115,  930,   ,  50, NEQ,  110,  110,   70,  100, 1013,     ,  10,     ,    ,    ,    ,    ,309,   5,      IRMA  ,  11,    3, 0, 0, 0, 0,     24.3,   27.4,   17.5,   23.9,     1.5161
AL, 11, 2017090718,   , VR-1,  60, 234N,  813W, 115,  930,   ,  64, NEQ,   70,   50,   30,   50, 1013,     ,  10,     ,    ,    ,    ,    ,309,   5,      IRMA  ,  11,    3, 1, 1, 1, 1,     20.3,   15.4,    9.6,   15.2,     1.5161
AL, 11, 2017090718,   , VR-1,  66, 242N,  816W, 115,  931,   ,  34, NEQ,  190,  170,  140,  190, 1013,     ,  10,     ,    ,    ,    ,    ,341,   8,      IRMA  ,  12,    3, 0, 0, 0, 0,     29.4,   27.9,   27.2,   38.1,     1.4863
AL, 11, 2017090718,   , VR-1,  66, 242N,  816W, 115,  931,   ,  50, NEQ,  110,  110,   70,  100, 1013,     ,  10,     ,    ,    ,    ,    ,341,   8,      IRMA  ,  12,    3, 0, 0, 0, 0,     23.6,   25.5,   18.1,   25.9,     1.4863
AL, 11, 2017090718,   , VR-1,  66, 242N,  816W, 115,  931,   ,  64, NEQ,   70,   50,   30,   50, 1013,     ,  10,     ,    ,    ,    ,    ,341,   8,      IRMA  ,  12,    3, 1, 1, 1, 1,     19.8,   14.5,   10.0,   16.4,     1.4863
AL, 11, 2017090718,   , VR-1,  72, 253N,  818W, 100,  936,   ,  34, NEQ,  190,  170,  140,  190, 1013,     ,  15,     ,    ,    ,    ,    ,351,  11,      IRMA  ,  13,    3, 0, 0, 0, 0,     23.3,   21.4,   23.9,   35.4,     1.1507
AL, 11, 2017090718,   , VR-1,  72, 253N,  818W, 100,  936,   ,  50, NEQ,  100,  100,   70,  100, 1013,     ,  15,     ,    ,    ,    ,    ,351,  11,      IRMA  ,  13,    3, 0, 0, 0, 0,     18.2,   19.5,   17.4,   26.0,     1.1507
AL, 11, 2017090718,   , VR-1,  72, 253N,  818W, 100,  936,   ,  64, NEQ,   70,   60,   30,   50, 1013,     ,  15,     ,    ,    ,    ,    ,351,  11,      IRMA  ,  13,    3, 1, 1, 1, 1,     19.3,   17.0,   10.6,   18.0,     1.1507
AL, 11, 2017090718,   , VR-1,  78, 265N,  819W,  90,  942,   ,  34, NEQ,  360,  200,  150,  240, 1013,     ,  15,     ,    ,    ,    ,    ,356,  12,      IRMA  ,  14,    3, 0, 0, 0, 0,     71.4,   26.3,   27.4,   57.3,     1.0000
AL, 11, 2017090718,   , VR-1,  78, 265N,  819W,  90,  942,   ,  50, NEQ,  140,  140,   90,  120, 1013,     ,  15,     ,    ,    ,    ,    ,356,  12,      IRMA  ,  14,    3, 0, 0, 0, 0,     31.3,   32.5,   27.1,   39.5,     1.0000
AL, 11, 2017090718,   , VR-1,  78, 265N,  819W,  90,  942,   ,  64, NEQ,   70,   60,   30,   50, 1013,     ,  15,     ,    ,    ,    ,    ,356,  12,      IRMA  ,  14,    3, 1, 1, 1, 1,     22.3,   19.0,   13.2,   23.5,     1.0000
AL, 11, 2017090718,   , VR-1,  84, 279N,  825W,  75,  961,   ,  34, NEQ,  360,  230,  150,  240, 1013,     ,  20,     ,    ,    ,    ,    ,339,  15,      IRMA  ,  15,    3, 0, 0, 0, 0,    116.5,   65.7,   56.2,  108.2,     1.0000
AL, 11, 2017090718,   , VR-1,  84, 279N,  825W,  75,  961,   ,  50, NEQ,  140,  140,   90,  120, 1013,     ,  20,     ,    ,    ,    ,    ,339,  15,      IRMA  ,  15,    3, 0, 0, 0, 0,     52.8,   70.8,   37.4,   94.4,     1.0000
AL, 11, 2017090718,   , VR-1,  84, 279N,  825W,  75,  961,   ,  64, NEQ,   30,   30,   20,   50, 1013,     ,  20,     ,    ,    ,    ,    ,339,  15,      IRMA  ,  15,    3, 1, 1, 1, 1,     15.3,   15.3,    9.7,   28.5,     1.1049
AL, 11, 2017090718,   , VR-1,  90, 292N,  831W,  60,  970,   ,  34, NEQ,  360,  230,  150,  240, 1013,     ,  40,     ,    ,    ,    ,    ,338,  14,      IRMA  ,  16,    2, 0, 0, 0, 0,     39.4,  204.0,   48.1,   59.7,     1.0000
AL, 11, 2017090718,   , VR-1,  90, 292N,  831W,  60,  970,   ,  50, NEQ,  140,  140,   90,  120, 1013,     ,  40,     ,    ,    ,    ,    ,338,  14,      IRMA  ,  16,    2, 1, 1, 1, 1,     51.8,   51.8,   74.2,   44.4,     1.0000
AL, 11, 2017090718,   , VR-1,  96, 305N,  839W,  45,  980,   ,  34, NEQ,  360,  230,  150,  240, 1013,     ,  60,     ,    ,    ,    ,    ,332,  15,      IRMA  ,  17,    1, 1, 1, 1, 1,     99.7,   63.7,   41.6,   66.5,     1.0000
AL, 11, 2017090718,   , VR-1, 102, 314N,  849W,  40,  986,   ,  34, NEQ,  360,  300,    0,    0, 1013,     ,  60,     ,    ,    ,    ,    ,316,  12,      IRMA  ,  18,    1, 1, 1, 1, 1,    141.9,  118.3,   65.0,   65.0,     1.0000
