AL, 11, 2017090718,   , VR+3,   0, 207N,  704W, 150,  922,   ,  34, NEQ,  160,  120,   80,  150, 1013,     ,  15,     ,    ,    ,    ,    ,288,  13,      IRMA  ,   1,    3, 0, 0, 0, 0,     33.2,   29.7,   19.9,   33.6,     2.2798
AL, 11, 2017090718,   , VR+3,   0, 207N,  704W, 150,  922,   ,  50, NEQ,  100,   70,   50,   70, 1013,     ,  15,     ,    ,    ,    ,    ,288,  13,      IRMA  ,   1,    3, 0, 0, 0, 0,     26.8,   21.6,   15.8,   19.3,     2.2798
AL, 11, 2017090718,   , VR+3,   0, 207N,  704W, 150,  922,   ,  64, NEQ,   60,   40,   30,   50, 1013,     ,  15,     ,    ,    ,    ,    ,288,  13,      IRMA  ,   1,    3, 1, 1, 1, 1,     19.3,   14.6,   11.3,   16.8,     2.2798
AL, 11, 2017090718,   , VR+3,   6, 211N,  717W, 150,  919,   ,  34, NEQ,  160,  120,   80,  150, 1013,     ,  15,     ,    ,    ,    ,    ,288,  13,      IRMA  ,   2,    3, 0, 0, 0, 0,     31.7,   28.5,   19.0,   32.1,     2.2071
AL, 11, 2017090718,   , VR+3,   6, 211N,  717W, 150,  919,   ,  50, NEQ,  100,   70,   50,   80, 1013,     ,  15,     ,    ,    ,    ,    ,288,  13,      IRMA  ,   2,    3, 0, 0, 0, 0,     25.7,   20.8,   15.2,   21.4,     2.2071
AL, 11, 2017090718,   , VR+3,   6, 211N,  717W, 150,  919,   ,  64, NEQ,   60,   45,   30,   55, 1013,     ,  15,     ,    ,    ,    ,    ,288,  13,      IRMA  ,   2,    3, 1, 1, 1, 1,     18.7,   16.0,   11.0,   18.0,     2.2071
AL, 11, 2017090718,   , VR+3,  12, 215N,  731W, 140,  925,   ,  34, NEQ,  160,  120,   80,  150, 1013,     ,  30,     ,    ,    ,    ,    ,287,  14,      IRMA  ,   3,    3, 0, 0, 0, 0,     29.7,   27.4,   18.2,   30.3,     2.0287
AL, 11, 2017090718,   , VR+3,  12, 215N,  731W, 140,  925,   ,  50, NEQ,  100,   70,   50,   80, 1013,     ,  30,     ,    ,    ,    ,    ,287,  14,      IRMA  ,   3,    3, 0, 0, 0, 0,     24.7,   20.4,   14.9,   20.6,     2.0287
AL, 11, 2017090718,   , VR+3,  12, 215N,  731W, 140,  925,   ,  64, NEQ,   60,   45,   35,   55, 1013,     ,  30,     ,    ,    ,    ,    ,287,  14,      IRMA  ,   3,    3, 1, 1, 1, 1,     18.2,   16.0,   12.9,   17.6,     2.0287
AL, 11, 2017090718,   , VR+3,  18, 219N,  746W, 130,  927,   ,  34, NEQ,  160,  120,   80,  150, 1013,     ,  30,     ,    ,    ,    ,    ,286,  15,      IRMA  ,   4,    3, 0, 0, 0, 0,     25.4,   24.5,   16.3,   26.2,     1.7649
AL, 11, 2017090718,   , VR+3,  18, 219N,  746W, 130,  927,   ,  50, NEQ,  100,   90,   50,   80, 1013,     ,  30,     ,    ,    ,    ,    ,286,  15,      IRMA  ,   4,    3, 0, 0, 0, 0,     22.1,   25.1,   13.8,   18.5,     1.7649
AL, 11, 2017090718,   , VR+3,  18, 219N,  746W, 130,  927,   ,  64, NEQ,   60,   45,   35,   55, 1013,     ,  30,     ,    ,    ,    ,    ,286,  15,      IRMA  ,   4,    3, 1, 1, 1, 1,     16.8,   15.3,   12.4,   16.4,     1.7649
AL, 11, 2017090718,   , VR+3,  24, 221N,  759W, 135,  925,   ,  34, NEQ,  160,  120,   80,  150, 1013,     ,  30,     ,    ,    ,    ,    ,279,  12,      IRMA  ,   5,    3, 0, 0, 0, 0,     28.4,   26.0,   16.8,   27.6,     1.8937
AL, 11, 2017090718,   , VR+3,  24, 221N,  759W, 135,  925,   ,  50, NEQ,  100,   90,   50,   80, 1013,     ,  30,     ,    ,    ,    ,    ,279,  12,      IRMA  ,   5,    3, 0, 0, 0, 0,     23.8,   26.0,   14.0,   19.2,     1.8937
AL, 11, 2017090718,   , VR+3,  24, 221N,  759W, 135,  925,   ,  64, NEQ,   60,   60,   30,   60, 1013,     ,  30,     ,    ,    ,    ,    ,279,  12,      IRMA  ,   5,    3, 1, 1, 1, 1,     17.8,   21.3,   10.5,   18.4,     1.8937
AL, 11, 2017090718,   , VR+3,  30, 223N,  771W, 140,  924,   ,  34, NEQ,  160,  120,   80,  150, 1013,     ,  20,     ,    ,    ,    ,    ,280,  11,      IRMA  ,   6,    3, 0, 0, 0, 0,     30.9,   27.5,   17.8,   30.0,     2.0326
AL, 11, 2017090718,   , VR+3,  30, 223N,  771W, 140,  924,   ,  50, NEQ,  100,   90,   50,   80, 1013,     ,  20,     ,    ,    ,    ,    ,280,  11,      IRMA  ,   6,    3, 0, 0, 0, 0,     25.3,   27.0,   14.6,   20.4,     2.0326
AL, 11, 2017090718,   , VR+3,  30, 223N,  771W, 140,  924,   ,  64, NEQ,   60,   60,   30,   60, 1013,     ,  20,     ,    ,    ,    ,    ,280,  11,      IRMA  ,   6,    3, 1, 1, 1, 1,     18.6,   21.7,   10.7,   19.2,     2.0326
AL, 11, 2017090718,   , VR+3,  36, 226N,  782W, 140,  930,   ,  34, NEQ,  160,  160,  120,  170, 1013,     ,  15,     ,    ,    ,    ,    ,286,  11,      IRMA  ,   7,    3, 0, 0, 0, 0,     34.5,   42.5,   31.6,   40.0,     2.1884
AL, 11, 2017090718,   , VR+3,  36, 226N,  782W, 140,  930,   ,  50, NEQ,  100,   90,   50,   80, 1013,     ,  15,     ,    ,    ,    ,    ,286,  11,      IRMA  ,   7,    3, 0, 0, 0, 0,     27.8,   29.0,   15.9,   22.8,     2.1884
AL, 11, 2017090718,   , VR+3,  36, 226N,  782W, 140,  930,   ,  64, NEQ,   60,   60,   30,   60, 1013,     ,  15,     ,    ,    ,    ,    ,286,  11,      IRMA  ,   7,    3, 1, 1, 1, 1,     20.1,   23.1,   11.5,   21.0,     2.1884
AL, 11, 2017090718,   , VR+3,  42, 231N,  791W, 115,  941,   ,  34, NEQ,  160,  160,  120,  170, 1013,     ,  15,     ,    ,    ,    ,    ,301,  10,      IRMA  ,   8,    3, 0, 0, 0, 0,     27.7,   35.4,   27.5,   35.2,     1.6768
AL, 11, 2017090718,   , VR+3,  42, 231N,  791W, 115,  941,   ,  50, NEQ,  100,   90,   50,   80, 1013,     ,  15,     ,    ,    ,    ,    ,301,  10,      IRMA  ,   8,    3, 0, 0, 0, 0,     24.4,   26.1,   14.8,   21.2,     1.6768
AL, 11, 2017090718,   , VR+3,  42, 231N,  791W, 115,  941,   ,  64, NEQ,   60,   60,   30,   60, 1013,     ,  15,     ,    ,    ,    ,    ,301,  10,      IRMA  ,   8,    3, 1, 1, 1, 1,     18.9,   22.3,   11.6,   21.0,     1.6768
AL, 11, 2017090718,   , VR+3,  48, 236N,  800W, 110,  938,   ,  34, NEQ,  160,  160,  120,  170, 1013,     ,  15,     ,    ,    ,    ,    ,301,  10,      IRMA  ,   9,    3, 0, 0, 0, 0,     23.2,   30.8,   24.0,   30.3,     1.4654
AL, 11, 2017090718,   , VR+3,  48, 236N,  800W, 110,  938,   ,  50, NEQ,  100,   90,   50,   80, 1013,     ,  15,     ,    ,    ,    ,    ,301,  10,      IRMA  ,   9,    3, 0, 0, 0, 0,     21.5,   23.6,   13.4,   18.9,     1.4654
AL, 11, 2017090718,   , VR+3,  48, 236N,  800W, 110,  938,   ,  64, NEQ,   60,   60,   30,   60, 1013,     ,  15,     ,    ,    ,    ,    ,301,  10,      IRMA  ,   9,    3, 1, 1, 1, 1,     17.3,   21.0,   10.9,   19.5,     1.4654
AL, 11, 2017090718,   , VR+3,  54, 240N,  807W, 105,  932,   ,  34, NEQ,  170,  170,  120,  180, 1013,     ,  15,     ,    ,    ,    ,    ,302,   8,      IRMA  ,  10,    3, 0, 0, 0, 0,     20.4,   26.9,   19.1,   26.6,     1.2517
AL, 11, 2017090718,   , VR+3,  54, 240N,  807W, 105,  932,   ,  50, NEQ,  100,  100,   50,   80, 1013,     ,  15,     ,    ,    ,    ,    ,302,   8,      IRMA  ,  10,    3, 0, 0, 0, 0,     18.4,   22.9,   11.3,   16.1,     1.2517
AL, 11, 2017090718,   , VR+3,  54, 240N,  807W, 105,  932,   ,  64, NEQ,   60,   60,   30,   60, 1013,     ,  15,     ,    ,    ,    ,    ,302,   8,      IRMA  ,  10,    3, 1, 1, 1, 1,     15.5,   18.9,    9.8,   17.6,     1.2517
AL, 11, 2017090718,   , VR+3,  60, 243N,  810W, 115,  930,   ,  34, NEQ,  190,  170,  140,  190, 1013,     ,  10,     ,    ,    ,    ,    ,318,   4,      IRMA  ,  11,    3, 0, 0, 0, 0,     31.6,   30.6,   26.4,   35.9,     1.5263
AL, 11, 2017090718,   , VR+3,  60, 243N,  810W, 115,  930,   ,  50, NEQ,  110,  110,   70,  100, 1013,     ,  10,     ,    ,    ,    ,    ,318,   4,      IRMA  ,  11,    3, 0, 0, 0, 0,     24.9,   27.3,   17.5,   24.5,     1.5263
AL, 11, 2017090718,   , VR+3,  60, 243N,  810W, 115,  930,   ,  64, NEQ,   70,   50,   30,   50, 1013,     ,  10,     ,    ,    ,    ,    ,318,   4,      IRMA  ,  11,    3, 1, 1, 1, 1,     20.6,   15.3,    9.6,   15.5,     1.5263
AL, 11, 2017090718,   , VR+3,  66, 251N,  811W, 115,  931,   ,  34, NEQ,  190,  170,  140,  190, 1013,     ,  10,     ,    ,    ,    ,    ,354,   8,      IRMA  ,  12,    3, 0, 0, 0, 0,     30.9,   27.4,   27.0,   39.7,     1.4911
AL, 11, 2017090718,   , VR+3,  66, 251N,  811W, 115,  931,   ,  50, NEQ,  110,  110,   70,  100, 1013,     ,  10,     ,    ,    ,    ,    ,354,   8,      IRMA  ,  12,    3, 0, 0, 0, 0,     24.4,   25.1,   17.9,   26.7,     1.4911
AL, 11, 2017090718,   , VR+3,  66, 251N,  811W, 115,  931,   ,  64, NEQ,   70,   50,   30,   50, 1013,     ,  10,     ,    ,    ,    ,    ,354,   8,      IRMA  ,  12,    3, 1, 1, 1, 1,     20.4,   14.2,    9.8,   16.8,     1.4911
AL, 11, 2017090718,   , VR+3,  72, 262N,  811W, 100,  936,   ,  34, NEQ,  190,  170,  140,  190, 1013,     ,  15,     ,    ,    ,    ,    ,  0,  11,      IRMA  ,  13,    3, 0, 0, 0, 0,     24.7,   20.8,   23.6,   37.0,     1.1521
AL, 11, 2017090718,   , VR+3,  72, 262N,  811W, 100,  936,   ,  50, NEQ,  100,  100,   70,  100, 1013,     ,  15,     ,    ,    ,    ,    ,  0,  11,      IRMA  ,  13,    3, 0, 0, 0, 0,     19.0,   19.0,   17.1,   26.9,     1.1521
AL, 11, 2017090718,   , VR+3,  72, 262N,  811W, 100,  936,   ,  64, NEQ,   70,   60,   30,   50, 1013,     ,  15,     ,    ,    ,    ,    ,  0,  11,      IRMA  ,  13,    3, 1, 1, 1, 1,     20.0,   16.6,   10.4,   18.6,     1.1521
AL, 11, 2017090718,   , VR+3,  78, 274N,  809W,  90,  942,   ,  34, NEQ,  360,  200,  150,  240, 1013,     ,  15,     ,    ,    ,    ,    ,  8,  12,      IRMA  ,  14,    3, 0, 0, 0, 0,     79.1,   25.0,   26.6,   61.5,     1.0000
AL, 11, 2017090718,   , VR+3,  78, 274N,  809W,  90,  942,   ,  50, NEQ,  140,  140,   90,  120, 1013,     ,  15,     ,    ,    ,    ,    ,  8,  12,      IRMA  ,  14,    3, 0, 0, 0, 0,     33.7,   31.2,   26.2,   42.0,     1.0000
AL, 11, 2017090718,   , VR+3,  78, 274N,  809W,  90,  942,   ,  64, NEQ,   70,   60,   30,   50, 1013,     ,  15,     ,    ,    ,    ,    ,  8,  12,      IRMA  ,  14,    3, 1, 1, 1, 1,     23.8,   18.2,   12.6,   25.1,     1.0000
AL, 11, 2017090718,   , VR+3,  84, 289N,  812W,  75,  961,   ,  34, NEQ,  360,  230,  150,  240, 1013,     ,  20,     ,    ,    ,    ,    ,350,  15,      IRMA  ,  15,    3, 0, 0, 0, 0,    129.3,   61.7,   55.9,  123.2,     1.0000
AL, 11, 2017090718,   , VR+3,  84, 289N,  812W,  75,  961,   ,  50, NEQ,  140,  140,   90,  120, 1013,     ,  20,     ,    ,    ,    ,    ,350,  15,      IRMA  ,  15,    3, 0, 0, 0, 0,     57.1,   66.0,   36.3,   43.6,     1.0000
AL, 11, 2017090718,   , VR+3,  84, 289N,  812W,  75,  961,   ,  64, NEQ,   30,   30,   20,   50, 1013,     ,  20,     ,    ,    ,    ,    ,350,  15,      IRMA  ,  15,    3, 1, 1, 1, 1,     15.4,   15.4,    9.7,   28.8,     1.1049
AL, 11, 2017090718,   , VR+3,  90, 304N,  814W,  60,  970,   ,  34, NEQ,  360,  230,  150,  240, 1013,     ,  40,     ,    ,    ,    ,    ,353,  15,      IRMA  ,  16,    2, 0, 0, 0, 0,     43.8,  156.0,   47.2,   69.6,     1.0000
AL, 11, 2017090718,   , VR+3,  90, 304N,  814W,  60,  970,   ,  50, NEQ,  140,  140,   90,  120, 1013,     ,  40,     ,    ,    ,    ,    ,353,  15,      IRMA  ,  16,    2, 1, 1, 1, 1,     51.8,   51.8,   80.0,   44.4,     1.0000
AL, 11, 2017090718,   , VR+3,  96, 318N,  819W,  45,  980,   ,  34, NEQ,  360,  230,  150,  240, 1013,     ,  60,     ,    ,    ,    ,    ,343,  15,      IRMA  ,  17,    1, 1, 1, 1, 1,     99.7,   63.7,   41.6,   66.5,     1.0000
AL, 11, 2017090718,   , VR+3, 102, 330N,  825W,  40,  986,   ,  34, NEQ,  360,  300,    0,    0, 1013,     ,  60,     ,    ,    ,    ,    ,337,  13,      IRMA  ,  18,    1, 1, 1, 1, 1,    141.9,  118.3,   65.0,   65.0,     1.0000
