AL, 11, 2017090718,   , VR+1,   0, 207N,  704W, 150,  922,   ,  34, NEQ,  160,  120,   80,  150, 1013,     ,  15,     ,    ,    ,    ,    ,288,  13,      IRMA  ,   1,    3, 0, 0, 0, 0,     33.2,   29.7,   19.9,   33.6,     2.2798
AL, 11, 2017090718,   , VR+1,   0, 207N,  704W, 150,  922,   ,  50, NEQ,  100,   70,   50,   70, 1013,     ,  15,     ,    ,    ,    ,    ,288,  13,      IRMA  ,   1,    3, 0, 0, 0, 0,     26.8,   21.6,   15.8,   19.3,     2.2798
AL, 11, 2017090718,   , VR+1,   0, 207N,  704W, 150,  922,   ,  64, NEQ,   60,   40,   30,   50, 1013,     ,  15,     ,    ,    ,    ,    ,288,  13,      IRMA  ,   1,    3, 1, 1, 1, 1,     19.3,   14.6,   11.3,   16.8,     2.2798
AL, 11, 2017090718,   , VR+1,   6, 211N,  717W, 150,  919,   ,  34, NEQ,  160,  120,   80,  150, 1013,     ,  15,     ,    ,    ,    ,    ,288,  13,      IRMA  ,   2,    3, 0, 0, 0, 0,     31.7,   28.5,   19.0,   32.1,     2.2071
AL, 11, 2017090718,   , VR+1,   6, 211N,  717W, 150,  919,   ,  50, NEQ,  100,   70,   50,   80, 1013,     ,  15,     ,    ,    ,    ,    ,288,  13,      IRMA  ,   2,    3, 0, 0, 0, 0,     25.7,   20.8,   15.2,   21.4,     2.2071
AL, 11, 2017090718,   , VR+1,   6, 211N,  717W, 150,  919,   ,  64, NEQ,   60,   45,   30,   55, 1013,     ,  15,     ,    ,    ,    ,    ,288,  13,      IRMA  ,   2,    3, 1, 1, 1, 1,     18.7,   16.0,   11.0,   18.0,     2.2071
AL, 11, 2017090718,   , VR+1,  12, 215N,  731W, 140,  925,   ,  34, NEQ,  160,  120,   80,  150, 1013,     ,  30,     ,    ,    ,    ,    ,287,  14,      IRMA  ,   3,    3, 0, 0, 0, 0,     29.7,   27.4,   18.2,   30.3,     2.0287
AL, 11, 2017090718,   , VR+1,  12, 215N,  731W, 140,  925,   ,  50, NEQ,  100,   70,   50,   80, 1013,     ,  30,     ,    ,    ,    ,    ,287,  14,      IRMA  ,   3,    3, 0, 0, 0, 0,     24.7,   20.4,   14.9,   20.6,     2.0287
AL, 11, 2017090718,   , VR+1,  12, 215N,  731W, 140,  925,   ,  64, NEQ,   60,   45,   35,   55, 1013,     ,  30,     ,    ,    ,    ,    ,287,  14,      IRMA  ,   3,    3, 1, 1, 1, 1,     18.2,   16.0,   12.9,   17.6,     2.0287
AL, 11, 2017090718,   , VR+1,  18, 218N,  746W, 130,  927,   ,  34, NEQ,  160,  120,   80,  150, 1013,     ,  30,     ,    ,    ,    ,    ,282,  14,      IRMA  ,   4,    3, 0, 0, 0, 0,     25.7,   24.7,   16.1,   25.8,     1.7674
AL, 11, 2017090718,   , VR+1,  18, 218N,  746W, 130,  927,   ,  50, NEQ,  100,   90,   50,   80, 1013,     ,  30,     ,    ,    ,    ,    ,282,  14,      IRMA  ,   4,    3, 0, 0, 0, 0,     22.3,   25.3,   13.8,   18.3,     1.7674
AL, 11, 2017090718,   , VR+1,  18, 218N,  746W, 130,  927,   ,  64, NEQ,   60,   45,   35,   55, 1013,     ,  30,     ,    ,    ,    ,    ,282,  14,      IRMA  ,   4,    3, 1, 1, 1, 1,     17.0,   15.5,   12.3,   16.3,     1.7674
AL, 11, 2017090718,   , VR+1,  24, 220N,  759W, 135,  925,   ,  34, NEQ,  160,  120,   80,  150, 1013,     ,  30,     ,    ,    ,    ,    ,279,  12,      IRMA  ,   5,    3, 0, 0, 0, 0,     28.3,   26.0,   16.7,   27.6,     1.8936
AL, 11, 2017090718,   , VR+1,  24, 220N,  759W, 135,  925,   ,  50, NEQ,  100,   90,   50,   80, 1013,     ,  30,     ,    ,    ,    ,    ,279,  12,      IRMA  ,   5,    3, 0, 0, 0, 0,     23.8,   26.0,   14.0,   19.2,     1.8936
AL, 11, 2017090718,   , VR+1,  24, 220N,  759W, 135,  925,   ,  64, NEQ,   60,   60,   30,   60, 1013,     ,  30,     ,    ,    ,    ,    ,279,  12,      IRMA  ,   5,    3, 1, 1, 1, 1,     17.8,   21.3,   10.5,   18.4,     1.8936
AL, 11, 2017090718,   , VR+1,  30, 221N,  771W, 140,  924,   ,  34, NEQ,  160,  120,   80,  150, 1013,     ,  20,     ,    ,    ,    ,    ,275,  11,      IRMA  ,   6,    3, 0, 0, 0, 0,     31.2,   27.7,   17.6,   29.6,     2.0341
AL, 11, 2017090718,   , VR+1,  30, 221N,  771W, 140,  924,   ,  50, NEQ,  100,   90,   50,   80, 1013,     ,  20,     ,    ,    ,    ,    ,275,  11,      IRMA  ,   6,    3, 0, 0, 0, 0,     25.5,   27.2,   14.5,   20.2,     2.0341
AL, 11, 2017090718,   , VR+1,  30, 221N,  771W, 140,  924,   ,  64, NEQ,   60,   60,   30,   60, 1013,     ,  20,     ,    ,    ,    ,    ,275,  11,      IRMA  ,   6,    3, 1, 1, 1, 1,     18.7,   21.9,   10.6,   19.0,     2.0341
AL, 11, 2017090718,   , VR+1,  36, 224N,  782W, 140,  930,   ,  34, NEQ,  160,  160,  120,  170, 1013,     ,  15,     ,    ,    ,    ,    ,286,  11,      IRMA  ,   7,    3, 0, 0, 0, 0,     34.4,   42.4,   31.5,   39.9,     2.1882
AL, 11, 2017090718,   , VR+1,  36, 224N,  782W, 140,  930,   ,  50, NEQ,  100,   90,   50,   80, 1013,     ,  15,     ,    ,    ,    ,    ,286,  11,      IRMA  ,   7,    3, 0, 0, 0, 0,     27.8,   29.0,   15.9,   22.8,     2.1882
AL, 11, 2017090718,   , VR+1,  36, 224N,  782W, 140,  930,   ,  64, NEQ,   60,   60,   30,   60, 1013,     ,  15,     ,    ,    ,    ,    ,286,  11,      IRMA  ,   7,    3, 1, 1, 1, 1,     20.1,   23.1,   11.5,   21.0,     2.1882
AL, 11, 2017090718,   , VR+1,  42, 228N,  792W, 115,  941,   ,  34, NEQ,  160,  160,  120,  170, 1013,     ,  15,     ,    ,    ,    ,    ,293,  10,      IRMA  ,   8,    3, 0, 0, 0, 0,     27.7,   36.0,   27.3,   34.1,     1.6721
AL, 11, 2017090718,   , VR+1,  42, 228N,  792W, 115,  941,   ,  50, NEQ,  100,   90,   50,   80, 1013,     ,  15,     ,    ,    ,    ,    ,293,  10,      IRMA  ,   8,    3, 0, 0, 0, 0,     24.4,   26.5,   14.7,   20.7,     1.6721
AL, 11, 2017090718,   , VR+1,  42, 228N,  792W, 115,  941,   ,  64, NEQ,   60,   60,   30,   60, 1013,     ,  15,     ,    ,    ,    ,    ,293,  10,      IRMA  ,   8,    3, 1, 1, 1, 1,     18.9,   22.7,   11.5,   20.5,     1.6721
AL, 11, 2017090718,   , VR+1,  48, 232N,  801W, 110,  938,   ,  34, NEQ,  160,  160,  120,  170, 1013,     ,  15,     ,    ,    ,    ,    ,296,   9,      IRMA  ,   9,    3, 0, 0, 0, 0,     23.5,   31.1,   23.8,   29.7,     1.4707
AL, 11, 2017090718,   , VR+1,  48, 232N,  801W, 110,  938,   ,  50, NEQ,  100,   90,   50,   80, 1013,     ,  15,     ,    ,    ,    ,    ,296,   9,      IRMA  ,   9,    3, 0, 0, 0, 0,     21.7,   23.9,   13.3,   18.6,     1.4707
AL, 11, 2017090718,   , VR+1,  48, 232N,  801W, 110,  938,   ,  64, NEQ,   60,   60,   30,   60, 1013,     ,  15,     ,    ,    ,    ,    ,296,   9,      IRMA  ,   9,    3, 1, 1, 1, 1,     17.4,   21.2,   10.8,   19.3,     1.4707
AL, 11, 2017090718,   , VR+1,  54, 236N,  808W, 105,  932,   ,  34, NEQ,  170,  170,  120,  180, 1013,     ,  15,     ,    ,    ,    ,    ,302,   8,      IRMA  ,  10,    3, 0, 0, 0, 0,     20.2,   26.7,   19.0,   26.4,     1.2515
AL, 11, 2017090718,   , VR+1,  54, 236N,  808W, 105,  932,   ,  50, NEQ,  100,  100,   50,   80, 1013,     ,  15,     ,    ,    ,    ,    ,302,   8,      IRMA  ,  10,    3, 0, 0, 0, 0,     18.3,   22.8,   11.3,   16.0,     1.2515
AL, 11, 2017090718,   , VR+1,  54, 236N,  808W, 105,  932,   ,  64, NEQ,   60,   60,   30,   60, 1013,     ,  15,     ,    ,    ,    ,    ,302,   8,      IRMA  ,  10,    3, 1, 1, 1, 1,     15.5,   18.9,    9.8,   17.6,     1.2515
AL, 11, 2017090718,   , VR+1,  60, 239N,  812W, 115,  930,   ,  34, NEQ,  190,  170,  140,  190, 1013,     ,  10,     ,    ,    ,    ,    ,309,   5,      IRMA  ,  11,    3, 0, 0, 0, 0,     30.8,   30.8,   26.4,   34.9,     1.5162
AL, 11, 2017090718,   , VR+1,  60, 239N,  812W, 115,  930,   ,  50, NEQ,  110,  110,   70,  100, 1013,     ,  10,     ,    ,    ,    ,    ,309,   5,      IRMA  ,  11,    3, 0, 0, 0, 0,     24.4,   27.5,   17.6,   24.0,     1.5162
AL, 11, 2017090718,   , VR+1,  60, 239N,  812W, 115,  930,   ,  64, NEQ,   70,   50,   30,   50, 1013,     ,  10,     ,    ,    ,    ,    ,309,   5,      IRMA  ,  11,    3, 1, 1, 1, 1,     20.3,   15.5,    9.6,   15.2,     1.5162
AL, 11, 2017090718,   , VR+1,  66, 247N,  813W, 115,  931,   ,  34, NEQ,  190,  170,  140,  190, 1013,     ,  10,     ,    ,    ,    ,    ,354,   8,      IRMA  ,  12,    3, 0, 0, 0, 0,     30.7,   27.2,   26.9,   39.5,     1.4911
AL, 11, 2017090718,   , VR+1,  66, 247N,  813W, 115,  931,   ,  50, NEQ,  110,  110,   70,  100, 1013,     ,  10,     ,    ,    ,    ,    ,354,   8,      IRMA  ,  12,    3, 0, 0, 0, 0,     24.3,   25.0,   17.8,   26.6,     1.4911
AL, 11, 2017090718,   , VR+1,  66, 247N,  813W, 115,  931,   ,  64, NEQ,   70,   50,   30,   50, 1013,     ,  10,     ,    ,    ,    ,    ,354,   8,      IRMA  ,  12,    3, 1, 1, 1, 1,     20.3,   14.2,    9.8,   16.8,     1.4911
AL, 11, 2017090718,   , VR+1,  72, 258N,  815W, 100,  936,   ,  34, NEQ,  190,  170,  140,  190, 1013,     ,  15,     ,    ,    ,    ,    ,351,  11,      IRMA  ,  13,    3, 0, 0, 0, 0,     23.5,   21.6,   24.1,   35.7,     1.1507
AL, 11, 2017090718,   , VR+1,  72, 258N,  815W, 100,  936,   ,  50, NEQ,  100,  100,   70,  100, 1013,     ,  15,     ,    ,    ,    ,    ,351,  11,      IRMA  ,  13,    3, 0, 0, 0, 0,     18.3,   19.6,   17.5,   26.1,     1.1507
AL, 11, 2017090718,   , VR+1,  72, 258N,  815W, 100,  936,   ,  64, NEQ,   70,   60,   30,   50, 1013,     ,  15,     ,    ,    ,    ,    ,351,  11,      IRMA  ,  13,    3, 1, 1, 1, 1,     19.3,   17.0,   10.7,   18.0,     1.1507
AL, 11, 2017090718,   , VR+1,  78, 270N,  814W,  90,  942,   ,  34, NEQ,  360,  200,  150,  240, 1013,     ,  15,     ,    ,    ,    ,    ,  4,  12,      IRMA  ,  14,    3, 0, 0, 0, 0,     76.1,   25.3,   26.8,   59.9,     1.0000
AL, 11, 2017090718,   , VR+1,  78, 270N,  814W,  90,  942,   ,  50, NEQ,  140,  140,   90,  120, 1013,     ,  15,     ,    ,    ,    ,    ,  4,  12,      IRMA  ,  14,    3, 0, 0, 0, 0,     32.8,   31.5,   26.5,   41.1,     1.0000
AL, 11, 2017090718,   , VR+1,  78, 270N,  814W,  90,  942,   ,  64, NEQ,   70,   60,   30,   50, 1013,     ,  15,     ,    ,    ,    ,    ,  4,  12,      IRMA  ,  14,    3, 1, 1, 1, 1,     23.3,   18.4,   12.8,   24.5,     1.0000
AL, 11, 2017090718,   , VR+1,  84, 284N,  818W,  75,  961,   ,  34, NEQ,  360,  230,  150,  240, 1013,     ,  20,     ,    ,    ,    ,    ,346,  14,      IRMA  ,  15,    3, 0, 0, 0, 0,    123.6,   62.6,   54.6,  113.8,     1.0000
AL, 11, 2017090718,   , VR+1,  84, 284N,  818W,  75,  961,   ,  50, NEQ,  140,  140,   90,  120, 1013,     ,  20,     ,    ,    ,    ,    ,346,  14,      IRMA  ,  15,    3, 0, 0, 0, 0,     55.1,   67.0,   75.4,  107.0,     1.0000
AL, 11, 2017090718,   , VR+1,  84, 284N,  818W,  75,  961,   ,  64, NEQ,   30,   30,   20,   50, 1013,     ,  20,     ,    ,    ,    ,    ,346,  14,      IRMA  ,  15,    3, 1, 1, 1, 1,     15.4,   15.4,    9.7,   28.7,     1.1049
AL, 11, 2017090718,   , VR+1,  90, 298N,  822W,  60,  970,   ,  34, NEQ,  360,  230,  150,  240, 1013,     ,  40,     ,    ,    ,    ,    ,346,  14,      IRMA  ,  16,    2, 0, 0, 0, 0,     41.4,  171.6,   47.5,   64.4,     1.0000
AL, 11, 2017090718,   , VR+1,  90, 298N,  822W,  60,  970,   ,  50, NEQ,  140,  140,   90,  120, 1013,     ,  40,     ,    ,    ,    ,    ,346,  14,      IRMA  ,  16,    2, 1, 1, 1, 1,     51.8,   51.8,   76.7,   44.4,     1.0000
AL, 11, 2017090718,   , VR+1,  96, 312N,  829W,  45,  980,   ,  34, NEQ,  360,  230,  150,  240, 1013,     ,  60,     ,    ,    ,    ,    ,337,  15,      IRMA  ,  17,    1, 1, 1, 1, 1,     99.7,   63.7,   41.6,   66.5,     1.0000
AL, 11, 2017090718,   , VR+1, 102, 323N,  838W,  40,  986,   ,  34, NEQ,  360,  300,    0,    0, 1013,     ,  60,     ,    ,    ,    ,    ,325,  13,      IRMA  ,  18,    1, 1, 1, 1, 1,    141.9,  118.3,   65.0,   65.0,     1.0000
