AL, 11, 2017090718,   , VR+2,   0, 207N,  704W, 150,  922,   ,  34, NEQ,  160,  120,   80,  150, 1013,     ,  15,     ,    ,    ,    ,    ,288,  13,      IRMA  ,   1,    3, 0, 0, 0, 0,     33.2,   29.7,   19.9,   33.6,     2.2798
AL, 11, 2017090718,   , VR+2,   0, 207N,  704W, 150,  922,   ,  50, NEQ,  100,   70,   50,   70, 1013,     ,  15,     ,    ,    ,    ,    ,288,  13,      IRMA  ,   1,    3, 0, 0, 0, 0,     26.8,   21.6,   15.8,   19.3,     2.2798
AL, 11, 2017090718,   , VR+2,   0, 207N,  704W, 150,  922,   ,  64, NEQ,   60,   40,   30,   50, 1013,     ,  15,     ,    ,    ,    ,    ,288,  13,      IRMA  ,   1,    3, 1, 1, 1, 1,     19.3,   14.6,   11.3,   16.8,     2.2798
AL, 11, 2017090718,   , VR+2,   6, 211N,  717W, 150,  919,   ,  34, NEQ,  160,  120,   80,  150, 1013,     ,  15,     ,    ,    ,    ,    ,288,  13,      IRMA  ,   2,    3, 0, 0, 0, 0,     31.7,   28.5,   19.0,   32.1,     2.2071
AL, 11, 2017090718,   , VR+2,   6, 211N,  717W, 150,  919,   ,  50, NEQ,  100,   70,   50,   80, 1013,     ,  15,     ,    ,    ,    ,    ,288,  13,      IRMA  ,   2,    3, 0, 0, 0, 0,     25.7,   20.8,   15.2,   21.4,     2.2071
AL, 11, 2017090718,   , VR+2,   6, 211N,  717W, 150,  919,   ,  64, NEQ,   60,   45,   30,   55, 1013,     ,  15,     ,    ,    ,    ,    ,288,  13,      IRMA  ,   2,    3, 1, 1, 1, 1,     18.7,   16.0,   11.0,   18.0,     2.2071
AL, 11, 2017090718,   , VR+2,  12, 215N,  731W, 140,  925,   ,  34, NEQ,  160,  120,   80,  150, 1013,     ,  30,     ,    ,    ,    ,    ,287,  14,      IRMA  ,   3,    3, 0, 0, 0, 0,     29.7,   27.4,   18.2,   30.3,     2.0287
AL, 11, 2017090718,   , VR+2,  12, 215N,  731W, 140,  925,   ,  50, NEQ,  100,   70,   50,   80, 1013,     ,  30,     ,    ,    ,    ,    ,287,  14,      IRMA  ,   3,    3, 0, 0, 0, 0,     24.7,   20.4,   14.9,   20.6,     2.0287
AL, 11, 2017090718,   , VR+2,  12, 215N,  731W, 140,  925,   ,  64, NEQ,   60,   45,   35,   55, 1013,     ,  30,     ,    ,    ,    ,    ,287,  14,      IRMA  ,   3,    3, 1, 1, 1, 1,     18.2,   16.0,   12.9,   17.6,     2.0287
AL, 11, 2017090718,   , VR+2,  18, 218N,  746W, 130,  927,   ,  34, NEQ,  160,  120,   80,  150, 1013,     ,  30,     ,    ,    ,    ,    ,282,  14,      IRMA  ,   4,    3, 0, 0, 0, 0,     25.7,   24.7,   16.1,   25.8,     1.7674
AL, 11, 2017090718,   , VR+2,  18, 218N,  746W, 130,  927,   ,  50, NEQ,  100,   90,   50,   80, 1013,     ,  30,     ,    ,    ,    ,    ,282,  14,      IRMA  ,   4,    3, 0, 0, 0, 0,     22.3,   25.3,   13.8,   18.3,     1.7674
AL, 11, 2017090718,   , VR+2,  18, 218N,  746W, 130,  927,   ,  64, NEQ,   60,   45,   35,   55, 1013,     ,  30,     ,    ,    ,    ,    ,282,  14,      IRMA  ,   4,    3, 1, 1, 1, 1,     17.0,   15.5,   12.3,   16.3,     1.7674
AL, 11, 2017090718,   , VR+2,  24, 221N,  759W, 135,  925,   ,  34, NEQ,  160,  120,   80,  150, 1013,     ,  30,     ,    ,    ,    ,    ,284,  12,      IRMA  ,   5,    3, 0, 0, 0, 0,     28.0,   25.8,   16.9,   28.0,     1.8914
AL, 11, 2017090718,   , VR+2,  24, 221N,  759W, 135,  925,   ,  50, NEQ,  100,   90,   50,   80, 1013,     ,  30,     ,    ,    ,    ,    ,284,  12,      IRMA  ,   5,    3, 0, 0, 0, 0,     23.6,   25.8,   14.1,   19.4,     1.8914
AL, 11, 2017090718,   , VR+2,  24, 221N,  759W, 135,  925,   ,  64, NEQ,   60,   60,   30,   60, 1013,     ,  30,     ,    ,    ,    ,    ,284,  12,      IRMA  ,   5,    3, 1, 1, 1, 1,     17.6,   21.1,   10.5,   18.5,     1.8914
AL, 11, 2017090718,   , VR+2,  30, 222N,  771W, 140,  924,   ,  34, NEQ,  160,  120,   80,  150, 1013,     ,  20,     ,    ,    ,    ,    ,275,  11,      IRMA  ,   6,    3, 0, 0, 0, 0,     31.2,   27.8,   17.6,   29.6,     2.0342
AL, 11, 2017090718,   , VR+2,  30, 222N,  771W, 140,  924,   ,  50, NEQ,  100,   90,   50,   80, 1013,     ,  20,     ,    ,    ,    ,    ,275,  11,      IRMA  ,   6,    3, 0, 0, 0, 0,     25.6,   27.2,   14.5,   20.2,     2.0342
AL, 11, 2017090718,   , VR+2,  30, 222N,  771W, 140,  924,   ,  64, NEQ,   60,   60,   30,   60, 1013,     ,  20,     ,    ,    ,    ,    ,275,  11,      IRMA  ,   6,    3, 1, 1, 1, 1,     18.7,   21.9,   10.6,   19.0,     2.0342
AL, 11, 2017090718,   , VR+2,  36, 225N,  782W, 140,  930,   ,  34, NEQ,  160,  160,  120,  170, 1013,     ,  15,     ,    ,    ,    ,    ,286,  11,      IRMA  ,   7,    3, 0, 0, 0, 0,     34.5,   42.4,   31.6,   39.9,     2.1883
AL, 11, 2017090718,   , VR+2,  36, 225N,  782W, 140,  930,   ,  50, NEQ,  100,   90,   50,   80, 1013,     ,  15,     ,    ,    ,    ,    ,286,  11,      IRMA  ,   7,    3, 0, 0, 0, 0,     27.8,   29.0,   15.9,   22.8,     2.1883
AL, 11, 2017090718,   , VR+2,  36, 225N,  782W, 140,  930,   ,  64, NEQ,   60,   60,   30,   60, 1013,     ,  15,     ,    ,    ,    ,    ,286,  11,      IRMA  ,   7,    3, 1, 1, 1, 1,     20.1,   23.1,   11.5,   21.0,     2.1883
AL, 11, 2017090718,   , VR+2,  42, 229N,  792W, 115,  941,   ,  34, NEQ,  160,  160,  120,  170, 1013,     ,  15,     ,    ,    ,    ,    ,293,  10,      IRMA  ,   8,    3, 0, 0, 0, 0,     27.7,   36.1,   27.4,   34.1,     1.6722
AL, 11, 2017090718,   , VR+2,  42, 229N,  792W, 115,  941,   ,  50, NEQ,  100,   90,   50,   80, 1013,     ,  15,     ,    ,    ,    ,    ,293,  10,      IRMA  ,   8,    3, 0, 0, 0, 0,     24.4,   26.5,   14.8,   20.7,     1.6722
AL, 11, 2017090718,   , VR+2,  42, 229N,  792W, 115,  941,   ,  64, NEQ,   60,   60,   30,   60, 1013,     ,  15,     ,    ,    ,    ,    ,293,  10,      IRMA  ,   8,    3, 1, 1, 1, 1,     18.9,   22.7,   11.5,   20.5,     1.6722
AL, 11, 2017090718,   , VR+2,  48, 234N,  800W, 110,  938,   ,  34, NEQ,  160,  160,  120,  170, 1013,     ,  15,     ,    ,    ,    ,    ,304,   9,      IRMA  ,   9,    3, 0, 0, 0, 0,     23.5,   30.4,   23.9,   30.7,     1.4744
AL, 11, 2017090718,   , VR+2,  48, 234N,  800W, 110,  938,   ,  50, NEQ,  100,   90,   50,   80, 1013,     ,  15,     ,    ,    ,    ,    ,304,   9,      IRMA  ,   9,    3, 0, 0, 0, 0,     21.7,   23.4,   13.4,   19.1,     1.4744
AL, 11, 2017090718,   , VR+2,  48, 234N,  800W, 110,  938,   ,  64, NEQ,   60,   60,   30,   60, 1013,     ,  15,     ,    ,    ,    ,    ,304,   9,      IRMA  ,   9,    3, 1, 1, 1, 1,     17.4,   20.8,   10.9,   19.7,     1.4744
AL, 11, 2017090718,   , VR+2,  54, 238N,  807W, 105,  932,   ,  34, NEQ,  170,  170,  120,  180, 1013,     ,  15,     ,    ,    ,    ,    ,302,   8,      IRMA  ,  10,    3, 0, 0, 0, 0,     20.3,   26.8,   19.0,   26.5,     1.2516
AL, 11, 2017090718,   , VR+2,  54, 238N,  807W, 105,  932,   ,  50, NEQ,  100,  100,   50,   80, 1013,     ,  15,     ,    ,    ,    ,    ,302,   8,      IRMA  ,  10,    3, 0, 0, 0, 0,     18.3,   22.8,   11.3,   16.0,     1.2516
AL, 11, 2017090718,   , VR+2,  54, 238N,  807W, 105,  932,   ,  64, NEQ,   60,   60,   30,   60, 1013,     ,  15,     ,    ,    ,    ,    ,302,   8,      IRMA  ,  10,    3, 1, 1, 1, 1,     15.5,   18.9,    9.8,   17.6,     1.2516
AL, 11, 2017090718,   , VR+2,  60, 241N,  811W, 115,  930,   ,  34, NEQ,  190,  170,  140,  190, 1013,     ,  10,     ,    ,    ,    ,    ,309,   5,      IRMA  ,  11,    3, 0, 0, 0, 0,     30.9,   30.8,   26.4,   35.0,     1.5163
AL, 11, 2017090718,   , VR+2,  60, 241N,  811W, 115,  930,   ,  50, NEQ,  110,  110,   70,  100, 1013,     ,  10,     ,    ,    ,    ,    ,309,   5,      IRMA  ,  11,    3, 0, 0, 0, 0,     24.5,   27.5,   17.6,   24.0,     1.5163
AL, 11, 2017090718,   , VR+2,  60, 241N,  811W, 115,  930,   ,  64, NEQ,   70,   50,   30,   50, 1013,     ,  10,     ,    ,    ,    ,    ,309,   5,      IRMA  ,  11,    3, 1, 1, 1, 1,     20.4,   15.5,    9.6,   15.2,     1.5163
AL, 11, 2017090718,   , VR+2,  66, 249N,  812W, 115,  931,   ,  34, NEQ,  190,  170,  140,  190, 1013,     ,  10,     ,    ,    ,    ,    ,354,   8,      IRMA  ,  12,    3, 0, 0, 0, 0,     30.8,   27.3,   26.9,   39.6,     1.4911
AL, 11, 2017090718,   , VR+2,  66, 249N,  812W, 115,  931,   ,  50, NEQ,  110,  110,   70,  100, 1013,     ,  10,     ,    ,    ,    ,    ,354,   8,      IRMA  ,  12,    3, 0, 0, 0, 0,     24.4,   25.0,   17.9,   26.7,     1.4911
AL, 11, 2017090718,   , VR+2,  66, 249N,  812W, 115,  931,   ,  64, NEQ,   70,   50,   30,   50, 1013,     ,  10,     ,    ,    ,    ,    ,354,   8,      IRMA  ,  12,    3, 1, 1, 1, 1,     20.3,   14.2,    9.8,   16.8,     1.4911
AL, 11, 2017090718,   , VR+2,  72, 260N,  813W, 100,  936,   ,  34, NEQ,  190,  170,  140,  190, 1013,     ,  15,     ,    ,    ,    ,    ,355,  11,      IRMA  ,  13,    3, 0, 0, 0, 0,     24.1,   21.2,   23.9,   36.4,     1.1518
AL, 11, 2017090718,   , VR+2,  72, 260N,  813W, 100,  936,   ,  50, NEQ,  100,  100,   70,  100, 1013,     ,  15,     ,    ,    ,    ,    ,355,  11,      IRMA  ,  13,    3, 0, 0, 0, 0,     18.7,   19.3,   17.3,   26.5,     1.1518
AL, 11, 2017090718,   , VR+2,  72, 260N,  813W, 100,  936,   ,  64, NEQ,   70,   60,   30,   50, 1013,     ,  15,     ,    ,    ,    ,    ,355,  11,      IRMA  ,  13,    3, 1, 1, 1, 1,     19.6,   16.8,   10.5,   18.3,     1.1518
AL, 11, 2017090718,   , VR+2,  78, 272N,  812W,  90,  942,   ,  34, NEQ,  360,  200,  150,  240, 1013,     ,  15,     ,    ,    ,    ,    ,  4,  12,      IRMA  ,  14,    3, 0, 0, 0, 0,     76.6,   25.4,   26.9,   60.2,     1.0000
AL, 11, 2017090718,   , VR+2,  78, 272N,  812W,  90,  942,   ,  50, NEQ,  140,  140,   90,  120, 1013,     ,  15,     ,    ,    ,    ,    ,  4,  12,      IRMA  ,  14,    3, 0, 0, 0, 0,     32.9,   31.7,   26.5,   41.2,     1.0000
AL, 11, 2017090718,   , VR+2,  78, 272N,  812W,  90,  942,   ,  64, NEQ,   70,   60,   30,   50, 1013,     ,  15,     ,    ,    ,    ,    ,  4,  12,      IRMA  ,  14,    3, 1, 1, 1, 1,     23.3,   18.4,   12.8,   24.5,     1.0000
AL, 11, 2017090718,   , VR+2,  84, 287N,  815W,  75,  961,   ,  34, NEQ,  360,  230,  150,  240, 1013,     ,  20,     ,    ,    ,    ,    ,350,  15,      IRMA  ,  15,    3, 0, 0, 0, 0,    128.3,   61.3,   55.6,  122.3,     1.0000
AL, 11, 2017090718,   , VR+2,  84, 287N,  815W,  75,  961,   ,  50, NEQ,  140,  140,   90,  120, 1013,     ,  20,     ,    ,    ,    ,    ,350,  15,      IRMA  ,  15,    3, 0, 0, 0, 0,     56.8,   65.7,   81.1,   43.6,     1.0000
AL, 11, 2017090718,   , VR+2,  84, 287N,  815W,  75,  961,   ,  64, NEQ,   30,   30,   20,   50, 1013,     ,  20,     ,    ,    ,    ,    ,350,  15,      IRMA  ,  15,    3, 1, 1, 1, 1,     15.4,   15.4,    9.7,   28.7,     1.1049
AL, 11, 2017090718,   , VR+2,  90, 301N,  818W,  60,  970,   ,  34, NEQ,  360,  230,  150,  240, 1013,     ,  40,     ,    ,    ,    ,    ,349,  14,      IRMA  ,  16,    2, 0, 0, 0, 0,     42.5,  161.9,   46.4,   65.6,     1.0000
AL, 11, 2017090718,   , VR+2,  90, 301N,  818W,  60,  970,   ,  50, NEQ,  140,  140,   90,  120, 1013,     ,  40,     ,    ,    ,    ,    ,349,  14,      IRMA  ,  16,    2, 1, 1, 1, 1,     51.8,   51.8,   78.2,   44.4,     1.0000
AL, 11, 2017090718,   , VR+2,  96, 315N,  824W,  45,  980,   ,  34, NEQ,  360,  230,  150,  240, 1013,     ,  60,     ,    ,    ,    ,    ,340,  15,      IRMA  ,  17,    1, 1, 1, 1, 1,     99.7,   63.7,   41.6,   66.5,     1.0000
AL, 11, 2017090718,   , VR+2, 102, 326N,  832W,  40,  986,   ,  34, NEQ,  360,  300,    0,    0, 1013,     ,  60,     ,    ,    ,    ,    ,328,  13,      IRMA  ,  18,    1, 1, 1, 1, 1,    141.9,  118.3,   65.0,   65.0,     1.0000
