AL, 11, 2017090718,   , VR-4,   0, 207N,  704W, 150,  922,   ,  34, NEQ,  160,  120,   80,  150, 1013,     ,  15,     ,    ,    ,    ,    ,283,  13,      IRMA  ,   1,    3, 0, 0, 0, 0,     33.3,   30.1,   19.8,   33.0,     2.2724
AL, 11, 2017090718,   , VR-4,   0, 207N,  704W, 150,  922,   ,  50, NEQ,  100,   70,   50,   70, 1013,     ,  15,     ,    ,    ,    ,    ,283,  13,      IRMA  ,   1,    3, 0, 0, 0, 0,     26.8,   21.8,   15.7,   19.0,     2.2724
AL, 11, 2017090718,   , VR-4,   0, 207N,  704W, 150,  922,   ,  64, NEQ,   60,   40,   30,   50, 1013,     ,  15,     ,    ,    ,    ,    ,283,  13,      IRMA  ,   1,    3, 1, 1, 1, 1,     19.4,   14.7,   11.3,   16.6,     2.2724
AL, 11, 2017090718,   , VR-4,   6, 210N,  718W, 150,  919,   ,  34, NEQ,  160,  120,   80,  150, 1013,     ,  15,     ,    ,    ,    ,    ,283,  13,      IRMA  ,   2,    3, 0, 0, 0, 0,     31.7,   28.8,   18.9,   31.5,     2.1999
AL, 11, 2017090718,   , VR-4,   6, 210N,  718W, 150,  919,   ,  50, NEQ,  100,   70,   50,   80, 1013,     ,  15,     ,    ,    ,    ,    ,283,  13,      IRMA  ,   2,    3, 0, 0, 0, 0,     25.8,   21.0,   15.1,   21.1,     2.1999
AL, 11, 2017090718,   , VR-4,   6, 210N,  718W, 150,  919,   ,  64, NEQ,   60,   45,   30,   55, 1013,     ,  15,     ,    ,    ,    ,    ,283,  13,      IRMA  ,   2,    3, 1, 1, 1, 1,     18.7,   16.2,   10.9,   17.7,     2.1999
AL, 11, 2017090718,   , VR-4,  12, 214N,  732W, 140,  925,   ,  34, NEQ,  160,  120,   80,  150, 1013,     ,  30,     ,    ,    ,    ,    ,287,  14,      IRMA  ,   3,    3, 0, 0, 0, 0,     29.6,   27.4,   18.2,   30.2,     2.0286
AL, 11, 2017090718,   , VR-4,  12, 214N,  732W, 140,  925,   ,  50, NEQ,  100,   70,   50,   80, 1013,     ,  30,     ,    ,    ,    ,    ,287,  14,      IRMA  ,   3,    3, 0, 0, 0, 0,     24.7,   20.4,   14.9,   20.6,     2.0286
AL, 11, 2017090718,   , VR-4,  12, 214N,  732W, 140,  925,   ,  64, NEQ,   60,   45,   35,   55, 1013,     ,  30,     ,    ,    ,    ,    ,287,  14,      IRMA  ,   3,    3, 1, 1, 1, 1,     18.2,   16.0,   12.9,   17.6,     2.0286
AL, 11, 2017090718,   , VR-4,  18, 216N,  747W, 130,  927,   ,  34, NEQ,  160,  120,   80,  150, 1013,     ,  30,     ,    ,    ,    ,    ,278,  14,      IRMA  ,   4,    3, 0, 0, 0, 0,     26.0,   24.9,   16.0,   25.4,     1.7690
AL, 11, 2017090718,   , VR-4,  18, 216N,  747W, 130,  927,   ,  50, NEQ,  100,   90,   50,   80, 1013,     ,  30,     ,    ,    ,    ,    ,278,  14,      IRMA  ,   4,    3, 0, 0, 0, 0,     22.5,   25.5,   13.7,   18.1,     1.7690
AL, 11, 2017090718,   , VR-4,  18, 216N,  747W, 130,  927,   ,  64, NEQ,   60,   45,   35,   55, 1013,     ,  30,     ,    ,    ,    ,    ,278,  14,      IRMA  ,   4,    3, 1, 1, 1, 1,     17.1,   15.6,   12.2,   16.1,     1.7690
AL, 11, 2017090718,   , VR-4,  24, 217N,  760W, 135,  925,   ,  34, NEQ,  160,  120,   80,  150, 1013,     ,  30,     ,    ,    ,    ,    ,275,  12,      IRMA  ,   5,    3, 0, 0, 0, 0,     28.6,   26.2,   16.6,   27.1,     1.8947
AL, 11, 2017090718,   , VR-4,  24, 217N,  760W, 135,  925,   ,  50, NEQ,  100,   90,   50,   80, 1013,     ,  30,     ,    ,    ,    ,    ,275,  12,      IRMA  ,   5,    3, 0, 0, 0, 0,     24.0,   26.2,   13.9,   19.0,     1.8947
AL, 11, 2017090718,   , VR-4,  24, 217N,  760W, 135,  925,   ,  64, NEQ,   60,   60,   30,   60, 1013,     ,  30,     ,    ,    ,    ,    ,275,  12,      IRMA  ,   5,    3, 1, 1, 1, 1,     17.9,   21.4,   10.4,   18.2,     1.8947
AL, 11, 2017090718,   , VR-4,  30, 217N,  772W, 140,  924,   ,  34, NEQ,  160,  120,   80,  150, 1013,     ,  20,     ,    ,    ,    ,    ,270,  11,      IRMA  ,   6,    3, 0, 0, 0, 0,     31.5,   27.9,   17.5,   29.0,     2.0343
AL, 11, 2017090718,   , VR-4,  30, 217N,  772W, 140,  924,   ,  50, NEQ,  100,   90,   50,   80, 1013,     ,  20,     ,    ,    ,    ,    ,270,  11,      IRMA  ,   6,    3, 0, 0, 0, 0,     25.7,   27.3,   14.3,   20.0,     2.0343
AL, 11, 2017090718,   , VR-4,  30, 217N,  772W, 140,  924,   ,  64, NEQ,   60,   60,   30,   60, 1013,     ,  20,     ,    ,    ,    ,    ,270,  11,      IRMA  ,   6,    3, 1, 1, 1, 1,     18.8,   22.0,   10.6,   18.8,     2.0343
AL, 11, 2017090718,   , VR-4,  36, 218N,  783W, 140,  930,   ,  34, NEQ,  160,  160,  120,  170, 1013,     ,  15,     ,    ,    ,    ,    ,276,  10,      IRMA  ,   7,    3, 0, 0, 0, 0,     35.1,   42.9,   31.0,   38.8,     2.1927
AL, 11, 2017090718,   , VR-4,  36, 218N,  783W, 140,  930,   ,  50, NEQ,  100,   90,   50,   80, 1013,     ,  15,     ,    ,    ,    ,    ,276,  10,      IRMA  ,   7,    3, 0, 0, 0, 0,     28.2,   29.4,   15.7,   22.3,     2.1927
AL, 11, 2017090718,   , VR-4,  36, 218N,  783W, 140,  930,   ,  64, NEQ,   60,   60,   30,   60, 1013,     ,  15,     ,    ,    ,    ,    ,276,  10,      IRMA  ,   7,    3, 1, 1, 1, 1,     20.3,   23.3,   11.4,   20.6,     2.1927
AL, 11, 2017090718,   , VR-4,  42, 221N,  794W, 115,  941,   ,  34, NEQ,  160,  160,  120,  170, 1013,     ,  15,     ,    ,    ,    ,    ,286,  11,      IRMA  ,   8,    3, 0, 0, 0, 0,     27.5,   36.4,   27.0,   32.8,     1.6651
AL, 11, 2017090718,   , VR-4,  42, 221N,  794W, 115,  941,   ,  50, NEQ,  100,   90,   50,   80, 1013,     ,  15,     ,    ,    ,    ,    ,286,  11,      IRMA  ,   8,    3, 0, 0, 0, 0,     24.3,   26.8,   14.6,   20.1,     1.6651
AL, 11, 2017090718,   , VR-4,  42, 221N,  794W, 115,  941,   ,  64, NEQ,   60,   60,   30,   60, 1013,     ,  15,     ,    ,    ,    ,    ,286,  11,      IRMA  ,   8,    3, 1, 1, 1, 1,     18.9,   23.0,   11.5,   20.1,     1.6651
AL, 11, 2017090718,   , VR-4,  48, 223N,  803W, 110,  938,   ,  34, NEQ,  160,  160,  120,  170, 1013,     ,  15,     ,    ,    ,    ,    ,283,   9,      IRMA  ,   9,    3, 0, 0, 0, 0,     24.1,   31.8,   23.1,   28.3,     1.4783
AL, 11, 2017090718,   , VR-4,  48, 223N,  803W, 110,  938,   ,  50, NEQ,  100,   90,   50,   80, 1013,     ,  15,     ,    ,    ,    ,    ,283,   9,      IRMA  ,   9,    3, 0, 0, 0, 0,     22.1,   24.4,   13.0,   18.0,     1.4783
AL, 11, 2017090718,   , VR-4,  48, 223N,  803W, 110,  938,   ,  64, NEQ,   60,   60,   30,   60, 1013,     ,  15,     ,    ,    ,    ,    ,283,   9,      IRMA  ,   9,    3, 1, 1, 1, 1,     17.7,   21.7,   10.6,   18.7,     1.4783
AL, 11, 2017090718,   , VR-4,  54, 225N,  810W, 105,  932,   ,  34, NEQ,  170,  170,  120,  180, 1013,     ,  15,     ,    ,    ,    ,    ,287,   7,      IRMA  ,  10,    3, 0, 0, 0, 0,     20.8,   27.4,   18.3,   24.9,     1.2607
AL, 11, 2017090718,   , VR-4,  54, 225N,  810W, 105,  932,   ,  50, NEQ,  100,  100,   50,   80, 1013,     ,  15,     ,    ,    ,    ,    ,287,   7,      IRMA  ,  10,    3, 0, 0, 0, 0,     18.7,   23.4,   11.0,   15.3,     1.2607
AL, 11, 2017090718,   , VR-4,  54, 225N,  810W, 105,  932,   ,  64, NEQ,   60,   60,   30,   60, 1013,     ,  15,     ,    ,    ,    ,    ,287,   7,      IRMA  ,  10,    3, 1, 1, 1, 1,     15.8,   19.4,    9.5,   16.9,     1.2607
AL, 11, 2017090718,   , VR-4,  60, 227N,  815W, 115,  930,   ,  34, NEQ,  190,  170,  140,  190, 1013,     ,  10,     ,    ,    ,    ,    ,293,   5,      IRMA  ,  11,    3, 0, 0, 0, 0,     30.3,   31.2,   25.9,   33.0,     1.5119
AL, 11, 2017090718,   , VR-4,  60, 227N,  815W, 115,  930,   ,  50, NEQ,  110,  110,   70,  100, 1013,     ,  10,     ,    ,    ,    ,    ,293,   5,      IRMA  ,  11,    3, 0, 0, 0, 0,     24.2,   27.9,   17.4,   23.0,     1.5119
AL, 11, 2017090718,   , VR-4,  60, 227N,  815W, 115,  930,   ,  64, NEQ,   70,   50,   30,   50, 1013,     ,  10,     ,    ,    ,    ,    ,293,   5,      IRMA  ,  11,    3, 1, 1, 1, 1,     20.2,   15.8,    9.6,   14.7,     1.5119
AL, 11, 2017090718,   , VR-4,  66, 235N,  818W, 115,  931,   ,  34, NEQ,  190,  170,  140,  190, 1013,     ,  10,     ,    ,    ,    ,    ,341,   8,      IRMA  ,  12,    3, 0, 0, 0, 0,     29.1,   27.6,   27.0,   37.7,     1.4862
AL, 11, 2017090718,   , VR-4,  66, 235N,  818W, 115,  931,   ,  50, NEQ,  110,  110,   70,  100, 1013,     ,  10,     ,    ,    ,    ,    ,341,   8,      IRMA  ,  12,    3, 0, 0, 0, 0,     23.4,   25.3,   18.0,   25.8,     1.4862
AL, 11, 2017090718,   , VR-4,  66, 235N,  818W, 115,  931,   ,  64, NEQ,   70,   50,   30,   50, 1013,     ,  10,     ,    ,    ,    ,    ,341,   8,      IRMA  ,  12,    3, 1, 1, 1, 1,     19.7,   14.5,   10.0,   16.3,     1.4862
AL, 11, 2017090718,   , VR-4,  72, 245N,  823W, 100,  936,   ,  34, NEQ,  190,  170,  140,  190, 1013,     ,  15,     ,    ,    ,    ,    ,335,  11,      IRMA  ,  13,    3, 0, 0, 0, 0,     21.9,   22.8,   24.3,   32.9,     1.1522
AL, 11, 2017090718,   , VR-4,  72, 245N,  823W, 100,  936,   ,  50, NEQ,  100,  100,   70,  100, 1013,     ,  15,     ,    ,    ,    ,    ,335,  11,      IRMA  ,  13,    3, 0, 0, 0, 0,     17.5,   20.6,   17.8,   24.4,     1.1522
AL, 11, 2017090718,   , VR-4,  72, 245N,  823W, 100,  936,   ,  64, NEQ,   70,   60,   30,   50, 1013,     ,  15,     ,    ,    ,    ,    ,335,  11,      IRMA  ,  13,    3, 1, 1, 1, 1,     18.6,   17.9,   10.9,   17.0,     1.1522
AL, 11, 2017090718,   , VR-4,  78, 257N,  825W,  90,  942,   ,  34, NEQ,  360,  200,  150,  240, 1013,     ,  15,     ,    ,    ,    ,    ,351,  12,      IRMA  ,  14,    3, 0, 0, 0, 0,     68.1,   26.4,   27.4,   55.3,     1.0000
AL, 11, 2017090718,   , VR-4,  78, 257N,  825W,  90,  942,   ,  50, NEQ,  140,  140,   90,  120, 1013,     ,  15,     ,    ,    ,    ,    ,351,  12,      IRMA  ,  14,    3, 0, 0, 0, 0,     30.3,   32.7,   27.3,   38.4,     1.0000
AL, 11, 2017090718,   , VR-4,  78, 257N,  825W,  90,  942,   ,  64, NEQ,   70,   60,   30,   50, 1013,     ,  15,     ,    ,    ,    ,    ,351,  12,      IRMA  ,  14,    3, 1, 1, 1, 1,     21.7,   19.3,   13.4,   23.0,     1.0000
AL, 11, 2017090718,   , VR-4,  84, 269N,  834W,  75,  961,   ,  34, NEQ,  360,  230,  150,  240, 1013,     ,  20,     ,    ,    ,    ,    ,326,  14,      IRMA  ,  15,    3, 0, 0, 0, 0,    107.2,   70.9,   55.4,   92.7,     1.0000
AL, 11, 2017090718,   , VR-4,  84, 269N,  834W,  75,  961,   ,  50, NEQ,  140,  140,   90,  120, 1013,     ,  20,     ,    ,    ,    ,    ,326,  14,      IRMA  ,  15,    3, 0, 0, 0, 0,     49.8,   77.7,   37.8,   74.3,     1.0000
AL, 11, 2017090718,   , VR-4,  84, 269N,  834W,  75,  961,   ,  64, NEQ,   30,   30,   20,   50, 1013,     ,  20,     ,    ,    ,    ,    ,326,  14,      IRMA  ,  15,    3, 1, 1, 1, 1,     15.2,   15.2,    9.6,   28.3,     1.1049
AL, 11, 2017090718,   , VR-4,  90, 282N,  842W,  60,  970,   ,  34, NEQ,  360,  230,  150,  240, 1013,     ,  40,     ,    ,    ,    ,    ,331,  15,      IRMA  ,  16,    2, 0, 0, 0, 0,     37.7,   40.0,   50.7,   57.8,     1.0000
AL, 11, 2017090718,   , VR-4,  90, 282N,  842W,  60,  970,   ,  50, NEQ,  140,  140,   90,  120, 1013,     ,  40,     ,    ,    ,    ,    ,331,  15,      IRMA  ,  16,    2, 1, 1, 1, 1,     51.8,   51.8,   70.7,   44.4,     1.0000
AL, 11, 2017090718,   , VR-4,  96, 292N,  853W,  45,  980,   ,  34, NEQ,  360,  230,  150,  240, 1013,     ,  60,     ,    ,    ,    ,    ,316,  14,      IRMA  ,  17,    1, 1, 1, 1, 1,     99.7,   63.7,   41.6,   66.5,     1.0000
AL, 11, 2017090718,   , VR-4, 102, 299N,  865W,  40,  986,   ,  34, NEQ,  360,  300,    0,    0, 1013,     ,  60,     ,    ,    ,    ,    ,304,  13,      IRMA  ,  18,    1, 1, 1, 1, 1,    141.9,  118.3,   65.0,   65.0,     1.0000
