AL, 11, 2017090718,   , VR-6,   0, 207N,  704W, 150,  922,   ,  34, NEQ,  160,  120,   80,  150, 1013,     ,  15,     ,    ,    ,    ,    ,283,  13,      IRMA  ,   1,    3, 0, 0, 0, 0,     33.3,   30.1,   19.8,   33.0,     2.2724
AL, 11, 2017090718,   , VR-6,   0, 207N,  704W, 150,  922,   ,  50, NEQ,  100,   70,   50,   70, 1013,     ,  15,     ,    ,    ,    ,    ,283,  13,      IRMA  ,   1,    3, 0, 0, 0, 0,     26.8,   21.8,   15.7,   19.0,     2.2724
AL, 11, 2017090718,   , VR-6,   0, 207N,  704W, 150,  922,   ,  64, NEQ,   60,   40,   30,   50, 1013,     ,  15,     ,    ,    ,    ,    ,283,  13,      IRMA  ,   1,    3, 1, 1, 1, 1,     19.4,   14.7,   11.3,   16.6,     2.2724
AL, 11, 2017090718,   , VR-6,   6, 210N,  718W, 150,  919,   ,  34, NEQ,  160,  120,   80,  150, 1013,     ,  15,     ,    ,    ,    ,    ,283,  13,      IRMA  ,   2,    3, 0, 0, 0, 0,     31.7,   28.8,   18.9,   31.5,     2.1999
AL, 11, 2017090718,   , VR-6,   6, 210N,  718W, 150,  919,   ,  50, NEQ,  100,   70,   50,   80, 1013,     ,  15,     ,    ,    ,    ,    ,283,  13,      IRMA  ,   2,    3, 0, 0, 0, 0,     25.8,   21.0,   15.1,   21.1,     2.1999
AL, 11, 2017090718,   , VR-6,   6, 210N,  718W, 150,  919,   ,  64, NEQ,   60,   45,   30,   55, 1013,     ,  15,     ,    ,    ,    ,    ,283,  13,      IRMA  ,   2,    3, 1, 1, 1, 1,     18.7,   16.2,   10.9,   17.7,     2.1999
AL, 11, 2017090718,   , VR-6,  12, 213N,  732W, 140,  925,   ,  34, NEQ,  160,  120,   80,  150, 1013,     ,  30,     ,    ,    ,    ,    ,283,  13,      IRMA  ,   3,    3, 0, 0, 0, 0,     30.0,   27.6,   18.1,   29.9,     2.0315
AL, 11, 2017090718,   , VR-6,  12, 213N,  732W, 140,  925,   ,  50, NEQ,  100,   70,   50,   80, 1013,     ,  30,     ,    ,    ,    ,    ,283,  13,      IRMA  ,   3,    3, 0, 0, 0, 0,     24.9,   20.5,   14.8,   20.4,     2.0315
AL, 11, 2017090718,   , VR-6,  12, 213N,  732W, 140,  925,   ,  64, NEQ,   60,   45,   35,   55, 1013,     ,  30,     ,    ,    ,    ,    ,283,  13,      IRMA  ,   3,    3, 1, 1, 1, 1,     18.3,   16.1,   12.8,   17.5,     2.0315
AL, 11, 2017090718,   , VR-6,  18, 215N,  747W, 130,  927,   ,  34, NEQ,  160,  120,   80,  150, 1013,     ,  30,     ,    ,    ,    ,    ,278,  14,      IRMA  ,   4,    3, 0, 0, 0, 0,     26.0,   24.9,   16.0,   25.4,     1.7689
AL, 11, 2017090718,   , VR-6,  18, 215N,  747W, 130,  927,   ,  50, NEQ,  100,   90,   50,   80, 1013,     ,  30,     ,    ,    ,    ,    ,278,  14,      IRMA  ,   4,    3, 0, 0, 0, 0,     22.5,   25.5,   13.7,   18.1,     1.7689
AL, 11, 2017090718,   , VR-6,  18, 215N,  747W, 130,  927,   ,  64, NEQ,   60,   45,   35,   55, 1013,     ,  30,     ,    ,    ,    ,    ,278,  14,      IRMA  ,   4,    3, 1, 1, 1, 1,     17.1,   15.6,   12.2,   16.1,     1.7689
AL, 11, 2017090718,   , VR-6,  24, 216N,  760W, 135,  925,   ,  34, NEQ,  160,  120,   80,  150, 1013,     ,  30,     ,    ,    ,    ,    ,275,  12,      IRMA  ,   5,    3, 0, 0, 0, 0,     28.6,   26.2,   16.6,   27.1,     1.8946
AL, 11, 2017090718,   , VR-6,  24, 216N,  760W, 135,  925,   ,  50, NEQ,  100,   90,   50,   80, 1013,     ,  30,     ,    ,    ,    ,    ,275,  12,      IRMA  ,   5,    3, 0, 0, 0, 0,     24.0,   26.2,   13.9,   19.0,     1.8946
AL, 11, 2017090718,   , VR-6,  24, 216N,  760W, 135,  925,   ,  64, NEQ,   60,   60,   30,   60, 1013,     ,  30,     ,    ,    ,    ,    ,275,  12,      IRMA  ,   5,    3, 1, 1, 1, 1,     17.9,   21.4,   10.4,   18.2,     1.8946
AL, 11, 2017090718,   , VR-6,  30, 215N,  772W, 140,  924,   ,  34, NEQ,  160,  120,   80,  150, 1013,     ,  20,     ,    ,    ,    ,    ,265,  11,      IRMA  ,   6,    3, 0, 0, 0, 0,     31.8,   28.1,   17.3,   28.6,     2.0336
AL, 11, 2017090718,   , VR-6,  30, 215N,  772W, 140,  924,   ,  50, NEQ,  100,   90,   50,   80, 1013,     ,  20,     ,    ,    ,    ,    ,265,  11,      IRMA  ,   6,    3, 0, 0, 0, 0,     25.9,   27.5,   14.2,   19.7,     2.0336
AL, 11, 2017090718,   , VR-6,  30, 215N,  772W, 140,  924,   ,  64, NEQ,   60,   60,   30,   60, 1013,     ,  20,     ,    ,    ,    ,    ,265,  11,      IRMA  ,   6,    3, 1, 1, 1, 1,     19.0,   22.1,   10.5,   18.7,     2.0336
AL, 11, 2017090718,   , VR-6,  36, 216N,  783W, 140,  930,   ,  34, NEQ,  160,  160,  120,  170, 1013,     ,  15,     ,    ,    ,    ,    ,276,  10,      IRMA  ,   7,    3, 0, 0, 0, 0,     35.0,   42.9,   31.0,   38.7,     2.1926
AL, 11, 2017090718,   , VR-6,  36, 216N,  783W, 140,  930,   ,  50, NEQ,  100,   90,   50,   80, 1013,     ,  15,     ,    ,    ,    ,    ,276,  10,      IRMA  ,   7,    3, 0, 0, 0, 0,     28.1,   29.3,   15.7,   22.3,     2.1926
AL, 11, 2017090718,   , VR-6,  36, 216N,  783W, 140,  930,   ,  64, NEQ,   60,   60,   30,   60, 1013,     ,  15,     ,    ,    ,    ,    ,276,  10,      IRMA  ,   7,    3, 1, 1, 1, 1,     20.3,   23.3,   11.4,   20.6,     2.1926
AL, 11, 2017090718,   , VR-6,  42, 218N,  794W, 115,  941,   ,  34, NEQ,  160,  160,  120,  170, 1013,     ,  15,     ,    ,    ,    ,    ,281,  10,      IRMA  ,   8,    3, 0, 0, 0, 0,     27.8,   36.7,   26.7,   32.2,     1.6678
AL, 11, 2017090718,   , VR-6,  42, 218N,  794W, 115,  941,   ,  50, NEQ,  100,   90,   50,   80, 1013,     ,  15,     ,    ,    ,    ,    ,281,  10,      IRMA  ,   8,    3, 0, 0, 0, 0,     24.5,   27.1,   14.5,   19.8,     1.6678
AL, 11, 2017090718,   , VR-6,  42, 218N,  794W, 115,  941,   ,  64, NEQ,   60,   60,   30,   60, 1013,     ,  15,     ,    ,    ,    ,    ,281,  10,      IRMA  ,   8,    3, 1, 1, 1, 1,     19.0,   23.2,   11.4,   19.8,     1.6678
AL, 11, 2017090718,   , VR-6,  48, 220N,  804W, 110,  938,   ,  34, NEQ,  160,  160,  120,  170, 1013,     ,  15,     ,    ,    ,    ,    ,282,  10,      IRMA  ,   9,    3, 0, 0, 0, 0,     23.6,   31.8,   23.1,   27.6,     1.4673
AL, 11, 2017090718,   , VR-6,  48, 220N,  804W, 110,  938,   ,  50, NEQ,  100,   90,   50,   80, 1013,     ,  15,     ,    ,    ,    ,    ,282,  10,      IRMA  ,   9,    3, 0, 0, 0, 0,     21.8,   24.4,   13.0,   17.7,     1.4673
AL, 11, 2017090718,   , VR-6,  48, 220N,  804W, 110,  938,   ,  64, NEQ,   60,   60,   30,   60, 1013,     ,  15,     ,    ,    ,    ,    ,282,  10,      IRMA  ,   9,    3, 1, 1, 1, 1,     17.6,   21.8,   10.7,   18.5,     1.4673
AL, 11, 2017090718,   , VR-6,  54, 221N,  811W, 105,  932,   ,  34, NEQ,  170,  170,  120,  180, 1013,     ,  15,     ,    ,    ,    ,    ,279,   7,      IRMA  ,  10,    3, 0, 0, 0, 0,     21.2,   27.8,   18.0,   24.1,     1.2631
AL, 11, 2017090718,   , VR-6,  54, 221N,  811W, 105,  932,   ,  50, NEQ,  100,  100,   50,   80, 1013,     ,  15,     ,    ,    ,    ,    ,279,   7,      IRMA  ,  10,    3, 0, 0, 0, 0,     19.0,   23.7,   10.8,   15.0,     1.2631
AL, 11, 2017090718,   , VR-6,  54, 221N,  811W, 105,  932,   ,  64, NEQ,   60,   60,   30,   60, 1013,     ,  15,     ,    ,    ,    ,    ,279,   7,      IRMA  ,  10,    3, 1, 1, 1, 1,     16.0,   19.6,    9.4,   16.6,     1.2631
AL, 11, 2017090718,   , VR-6,  60, 223N,  816W, 115,  930,   ,  34, NEQ,  190,  170,  140,  190, 1013,     ,  10,     ,    ,    ,    ,    ,293,   5,      IRMA  ,  11,    3, 0, 0, 0, 0,     30.1,   31.1,   25.7,   32.8,     1.5118
AL, 11, 2017090718,   , VR-6,  60, 223N,  816W, 115,  930,   ,  50, NEQ,  110,  110,   70,  100, 1013,     ,  10,     ,    ,    ,    ,    ,293,   5,      IRMA  ,  11,    3, 0, 0, 0, 0,     24.1,   27.8,   17.3,   22.9,     1.5118
AL, 11, 2017090718,   , VR-6,  60, 223N,  816W, 115,  930,   ,  64, NEQ,   70,   50,   30,   50, 1013,     ,  10,     ,    ,    ,    ,    ,293,   5,      IRMA  ,  11,    3, 1, 1, 1, 1,     20.2,   15.8,    9.6,   14.7,     1.5118
AL, 11, 2017090718,   , VR-6,  66, 230N,  820W, 115,  931,   ,  34, NEQ,  190,  170,  140,  190, 1013,     ,  10,     ,    ,    ,    ,    ,332,   8,      IRMA  ,  12,    3, 0, 0, 0, 0,     28.8,   28.4,   27.0,   36.6,     1.4927
AL, 11, 2017090718,   , VR-6,  66, 230N,  820W, 115,  931,   ,  50, NEQ,  110,  110,   70,  100, 1013,     ,  10,     ,    ,    ,    ,    ,332,   8,      IRMA  ,  12,    3, 0, 0, 0, 0,     23.3,   25.9,   18.0,   25.1,     1.4927
AL, 11, 2017090718,   , VR-6,  66, 230N,  820W, 115,  931,   ,  64, NEQ,   70,   50,   30,   50, 1013,     ,  10,     ,    ,    ,    ,    ,332,   8,      IRMA  ,  12,    3, 1, 1, 1, 1,     19.7,   14.8,   10.0,   16.0,     1.4927
AL, 11, 2017090718,   , VR-6,  72, 240N,  825W, 100,  936,   ,  34, NEQ,  190,  170,  140,  190, 1013,     ,  15,     ,    ,    ,    ,    ,335,  11,      IRMA  ,  13,    3, 0, 0, 0, 0,     21.6,   22.6,   24.1,   32.5,     1.1521
AL, 11, 2017090718,   , VR-6,  72, 240N,  825W, 100,  936,   ,  50, NEQ,  100,  100,   70,  100, 1013,     ,  15,     ,    ,    ,    ,    ,335,  11,      IRMA  ,  13,    3, 0, 0, 0, 0,     17.4,   20.5,   17.7,   24.3,     1.1521
AL, 11, 2017090718,   , VR-6,  72, 240N,  825W, 100,  936,   ,  64, NEQ,   70,   60,   30,   50, 1013,     ,  15,     ,    ,    ,    ,    ,335,  11,      IRMA  ,  13,    3, 1, 1, 1, 1,     18.5,   17.8,   10.8,   16.9,     1.1521
AL, 11, 2017090718,   , VR-6,  78, 251N,  829W,  90,  942,   ,  34, NEQ,  360,  200,  150,  240, 1013,     ,  15,     ,    ,    ,    ,    ,342,  12,      IRMA  ,  14,    3, 0, 0, 0, 0,     64.2,   27.6,   27.4,   51.4,     1.0000
AL, 11, 2017090718,   , VR-6,  78, 251N,  829W,  90,  942,   ,  50, NEQ,  140,  140,   90,  120, 1013,     ,  15,     ,    ,    ,    ,    ,342,  12,      IRMA  ,  14,    3, 0, 0, 0, 0,     29.0,   33.9,   27.3,   35.9,     1.0000
AL, 11, 2017090718,   , VR-6,  78, 251N,  829W,  90,  942,   ,  64, NEQ,   70,   60,   30,   50, 1013,     ,  15,     ,    ,    ,    ,    ,342,  12,      IRMA  ,  14,    3, 1, 1, 1, 1,     21.0,   20.0,   13.5,   21.4,     1.0000
AL, 11, 2017090718,   , VR-6,  84, 262N,  839W,  75,  961,   ,  34, NEQ,  360,  230,  150,  240, 1013,     ,  20,     ,    ,    ,    ,    ,321,  14,      IRMA  ,  15,    3, 0, 0, 0, 0,    103.7,   72.4,   54.3,   86.2,     1.0000
AL, 11, 2017090718,   , VR-6,  84, 262N,  839W,  75,  961,   ,  50, NEQ,  140,  140,   90,  120, 1013,     ,  20,     ,    ,    ,    ,    ,321,  14,      IRMA  ,  15,    3, 0, 0, 0, 0,     48.7,   80.1,   78.3,   68.2,     1.0000
AL, 11, 2017090718,   , VR-6,  84, 262N,  839W,  75,  961,   ,  64, NEQ,   30,   30,   20,   50, 1013,     ,  20,     ,    ,    ,    ,    ,321,  14,      IRMA  ,  15,    3, 1, 1, 1, 1,     15.2,   15.2,    9.6,   28.1,     1.1049
AL, 11, 2017090718,   , VR-6,  90, 273N,  849W,  60,  970,   ,  34, NEQ,  360,  230,  150,  240, 1013,     ,  40,     ,    ,    ,    ,    ,321,  14,      IRMA  ,  16,    2, 0, 0, 0, 0,     36.9,   44.1,   50.1,   51.6,     1.0000
AL, 11, 2017090718,   , VR-6,  90, 273N,  849W,  60,  970,   ,  50, NEQ,  140,  140,   90,  120, 1013,     ,  40,     ,    ,    ,    ,    ,321,  14,      IRMA  ,  16,    2, 1, 1, 1, 1,     51.8,   51.8,   68.2,   44.4,     1.0000
AL, 11, 2017090718,   , VR-6,  96, 282N,  861W,  45,  980,   ,  34, NEQ,  360,  230,  150,  240, 1013,     ,  60,     ,    ,    ,    ,    ,310,  14,      IRMA  ,  17,    1, 1, 1, 1, 1,     99.7,   63.7,   41.6,   66.5,     1.0000
AL, 11, 2017090718,   , VR-6, 102, 287N,  874W,  40,  986,   ,  34, NEQ,  360,  300,    0,    0, 1013,     ,  60,     ,    ,    ,    ,    ,294,  12,      IRMA  ,  18,    1, 1, 1, 1, 1,    141.9,  118.3,   65.0,   65.0,     1.0000
